// Generated by SolidPython 1.1.3 on 2024-05-27 17:25:30


intersection() {
	union() {
		union() {
			union() {
				union() {
					union() {
						union() {
							multmatrix(m = [[0.8660254038, 0, -0.5000000000, -154.0000000000], [0, 1, 0, 0], [0.5000000000, 0, 0.8660254038, 0], [0, 0, 0, 1]]) {
								cube(center = true, size = [0.4000000000, 200, 200]);
							}
							multmatrix(m = [[0.8660254038, 0, -0.5000000000, -138.6000000000], [0, 1, 0, 0], [0.5000000000, 0, 0.8660254038, 0], [0, 0, 0, 1]]) {
								cube(center = true, size = [0.4000000000, 200, 200]);
							}
							multmatrix(m = [[0.8660254038, 0, -0.5000000000, -123.2000000000], [0, 1, 0, 0], [0.5000000000, 0, 0.8660254038, 0], [0, 0, 0, 1]]) {
								cube(center = true, size = [0.4000000000, 200, 200]);
							}
							multmatrix(m = [[0.8660254038, 0, -0.5000000000, -107.8000000000], [0, 1, 0, 0], [0.5000000000, 0, 0.8660254038, 0], [0, 0, 0, 1]]) {
								cube(center = true, size = [0.4000000000, 200, 200]);
							}
							multmatrix(m = [[0.8660254038, 0, -0.5000000000, -92.4000000000], [0, 1, 0, 0], [0.5000000000, 0, 0.8660254038, 0], [0, 0, 0, 1]]) {
								cube(center = true, size = [0.4000000000, 200, 200]);
							}
							multmatrix(m = [[0.8660254038, 0, -0.5000000000, -77.0000000000], [0, 1, 0, 0], [0.5000000000, 0, 0.8660254038, 0], [0, 0, 0, 1]]) {
								cube(center = true, size = [0.4000000000, 200, 200]);
							}
							multmatrix(m = [[0.8660254038, 0, -0.5000000000, -61.6000000000], [0, 1, 0, 0], [0.5000000000, 0, 0.8660254038, 0], [0, 0, 0, 1]]) {
								cube(center = true, size = [0.4000000000, 200, 200]);
							}
							multmatrix(m = [[0.8660254038, 0, -0.5000000000, -46.2000000000], [0, 1, 0, 0], [0.5000000000, 0, 0.8660254038, 0], [0, 0, 0, 1]]) {
								cube(center = true, size = [0.4000000000, 200, 200]);
							}
							multmatrix(m = [[0.8660254038, 0, -0.5000000000, -30.8000000000], [0, 1, 0, 0], [0.5000000000, 0, 0.8660254038, 0], [0, 0, 0, 1]]) {
								cube(center = true, size = [0.4000000000, 200, 200]);
							}
							multmatrix(m = [[0.8660254038, 0, -0.5000000000, -15.4000000000], [0, 1, 0, 0], [0.5000000000, 0, 0.8660254038, 0], [0, 0, 0, 1]]) {
								cube(center = true, size = [0.4000000000, 200, 200]);
							}
							multmatrix(m = [[0.8660254038, 0, -0.5000000000, 0.0000000000], [0, 1, 0, 0], [0.5000000000, 0, 0.8660254038, 0], [0, 0, 0, 1]]) {
								cube(center = true, size = [0.4000000000, 200, 200]);
							}
							multmatrix(m = [[0.8660254038, 0, -0.5000000000, 15.4000000000], [0, 1, 0, 0], [0.5000000000, 0, 0.8660254038, 0], [0, 0, 0, 1]]) {
								cube(center = true, size = [0.4000000000, 200, 200]);
							}
							multmatrix(m = [[0.8660254038, 0, -0.5000000000, 30.8000000000], [0, 1, 0, 0], [0.5000000000, 0, 0.8660254038, 0], [0, 0, 0, 1]]) {
								cube(center = true, size = [0.4000000000, 200, 200]);
							}
							multmatrix(m = [[0.8660254038, 0, -0.5000000000, 46.2000000000], [0, 1, 0, 0], [0.5000000000, 0, 0.8660254038, 0], [0, 0, 0, 1]]) {
								cube(center = true, size = [0.4000000000, 200, 200]);
							}
							multmatrix(m = [[0.8660254038, 0, -0.5000000000, 61.6000000000], [0, 1, 0, 0], [0.5000000000, 0, 0.8660254038, 0], [0, 0, 0, 1]]) {
								cube(center = true, size = [0.4000000000, 200, 200]);
							}
							multmatrix(m = [[0.8660254038, 0, -0.5000000000, 77.0000000000], [0, 1, 0, 0], [0.5000000000, 0, 0.8660254038, 0], [0, 0, 0, 1]]) {
								cube(center = true, size = [0.4000000000, 200, 200]);
							}
							multmatrix(m = [[0.8660254038, 0, -0.5000000000, 92.4000000000], [0, 1, 0, 0], [0.5000000000, 0, 0.8660254038, 0], [0, 0, 0, 1]]) {
								cube(center = true, size = [0.4000000000, 200, 200]);
							}
							multmatrix(m = [[0.8660254038, 0, -0.5000000000, 107.8000000000], [0, 1, 0, 0], [0.5000000000, 0, 0.8660254038, 0], [0, 0, 0, 1]]) {
								cube(center = true, size = [0.4000000000, 200, 200]);
							}
							multmatrix(m = [[0.8660254038, 0, -0.5000000000, 123.2000000000], [0, 1, 0, 0], [0.5000000000, 0, 0.8660254038, 0], [0, 0, 0, 1]]) {
								cube(center = true, size = [0.4000000000, 200, 200]);
							}
							multmatrix(m = [[0.8660254038, 0, -0.5000000000, 138.6000000000], [0, 1, 0, 0], [0.5000000000, 0, 0.8660254038, 0], [0, 0, 0, 1]]) {
								cube(center = true, size = [0.4000000000, 200, 200]);
							}
							multmatrix(m = [[0.8660254038, 0, -0.5000000000, 154.0000000000], [0, 1, 0, 0], [0.5000000000, 0, 0.8660254038, 0], [0, 0, 0, 1]]) {
								cube(center = true, size = [0.4000000000, 200, 200]);
							}
						}
						rotate(a = [0, 0, 60]) {
							multmatrix(m = [[0.8660254038, 0, -0.5000000000, -154.0000000000], [0, 1, 0, 0], [0.5000000000, 0, 0.8660254038, 0], [0, 0, 0, 1]]) {
								cube(center = true, size = [0.4000000000, 200, 200]);
							}
							multmatrix(m = [[0.8660254038, 0, -0.5000000000, -138.6000000000], [0, 1, 0, 0], [0.5000000000, 0, 0.8660254038, 0], [0, 0, 0, 1]]) {
								cube(center = true, size = [0.4000000000, 200, 200]);
							}
							multmatrix(m = [[0.8660254038, 0, -0.5000000000, -123.2000000000], [0, 1, 0, 0], [0.5000000000, 0, 0.8660254038, 0], [0, 0, 0, 1]]) {
								cube(center = true, size = [0.4000000000, 200, 200]);
							}
							multmatrix(m = [[0.8660254038, 0, -0.5000000000, -107.8000000000], [0, 1, 0, 0], [0.5000000000, 0, 0.8660254038, 0], [0, 0, 0, 1]]) {
								cube(center = true, size = [0.4000000000, 200, 200]);
							}
							multmatrix(m = [[0.8660254038, 0, -0.5000000000, -92.4000000000], [0, 1, 0, 0], [0.5000000000, 0, 0.8660254038, 0], [0, 0, 0, 1]]) {
								cube(center = true, size = [0.4000000000, 200, 200]);
							}
							multmatrix(m = [[0.8660254038, 0, -0.5000000000, -77.0000000000], [0, 1, 0, 0], [0.5000000000, 0, 0.8660254038, 0], [0, 0, 0, 1]]) {
								cube(center = true, size = [0.4000000000, 200, 200]);
							}
							multmatrix(m = [[0.8660254038, 0, -0.5000000000, -61.6000000000], [0, 1, 0, 0], [0.5000000000, 0, 0.8660254038, 0], [0, 0, 0, 1]]) {
								cube(center = true, size = [0.4000000000, 200, 200]);
							}
							multmatrix(m = [[0.8660254038, 0, -0.5000000000, -46.2000000000], [0, 1, 0, 0], [0.5000000000, 0, 0.8660254038, 0], [0, 0, 0, 1]]) {
								cube(center = true, size = [0.4000000000, 200, 200]);
							}
							multmatrix(m = [[0.8660254038, 0, -0.5000000000, -30.8000000000], [0, 1, 0, 0], [0.5000000000, 0, 0.8660254038, 0], [0, 0, 0, 1]]) {
								cube(center = true, size = [0.4000000000, 200, 200]);
							}
							multmatrix(m = [[0.8660254038, 0, -0.5000000000, -15.4000000000], [0, 1, 0, 0], [0.5000000000, 0, 0.8660254038, 0], [0, 0, 0, 1]]) {
								cube(center = true, size = [0.4000000000, 200, 200]);
							}
							multmatrix(m = [[0.8660254038, 0, -0.5000000000, 0.0000000000], [0, 1, 0, 0], [0.5000000000, 0, 0.8660254038, 0], [0, 0, 0, 1]]) {
								cube(center = true, size = [0.4000000000, 200, 200]);
							}
							multmatrix(m = [[0.8660254038, 0, -0.5000000000, 15.4000000000], [0, 1, 0, 0], [0.5000000000, 0, 0.8660254038, 0], [0, 0, 0, 1]]) {
								cube(center = true, size = [0.4000000000, 200, 200]);
							}
							multmatrix(m = [[0.8660254038, 0, -0.5000000000, 30.8000000000], [0, 1, 0, 0], [0.5000000000, 0, 0.8660254038, 0], [0, 0, 0, 1]]) {
								cube(center = true, size = [0.4000000000, 200, 200]);
							}
							multmatrix(m = [[0.8660254038, 0, -0.5000000000, 46.2000000000], [0, 1, 0, 0], [0.5000000000, 0, 0.8660254038, 0], [0, 0, 0, 1]]) {
								cube(center = true, size = [0.4000000000, 200, 200]);
							}
							multmatrix(m = [[0.8660254038, 0, -0.5000000000, 61.6000000000], [0, 1, 0, 0], [0.5000000000, 0, 0.8660254038, 0], [0, 0, 0, 1]]) {
								cube(center = true, size = [0.4000000000, 200, 200]);
							}
							multmatrix(m = [[0.8660254038, 0, -0.5000000000, 77.0000000000], [0, 1, 0, 0], [0.5000000000, 0, 0.8660254038, 0], [0, 0, 0, 1]]) {
								cube(center = true, size = [0.4000000000, 200, 200]);
							}
							multmatrix(m = [[0.8660254038, 0, -0.5000000000, 92.4000000000], [0, 1, 0, 0], [0.5000000000, 0, 0.8660254038, 0], [0, 0, 0, 1]]) {
								cube(center = true, size = [0.4000000000, 200, 200]);
							}
							multmatrix(m = [[0.8660254038, 0, -0.5000000000, 107.8000000000], [0, 1, 0, 0], [0.5000000000, 0, 0.8660254038, 0], [0, 0, 0, 1]]) {
								cube(center = true, size = [0.4000000000, 200, 200]);
							}
							multmatrix(m = [[0.8660254038, 0, -0.5000000000, 123.2000000000], [0, 1, 0, 0], [0.5000000000, 0, 0.8660254038, 0], [0, 0, 0, 1]]) {
								cube(center = true, size = [0.4000000000, 200, 200]);
							}
							multmatrix(m = [[0.8660254038, 0, -0.5000000000, 138.6000000000], [0, 1, 0, 0], [0.5000000000, 0, 0.8660254038, 0], [0, 0, 0, 1]]) {
								cube(center = true, size = [0.4000000000, 200, 200]);
							}
							multmatrix(m = [[0.8660254038, 0, -0.5000000000, 154.0000000000], [0, 1, 0, 0], [0.5000000000, 0, 0.8660254038, 0], [0, 0, 0, 1]]) {
								cube(center = true, size = [0.4000000000, 200, 200]);
							}
						}
					}
					rotate(a = [0, 0, 120]) {
						multmatrix(m = [[0.8660254038, 0, -0.5000000000, -154.0000000000], [0, 1, 0, 0], [0.5000000000, 0, 0.8660254038, 0], [0, 0, 0, 1]]) {
							cube(center = true, size = [0.4000000000, 200, 200]);
						}
						multmatrix(m = [[0.8660254038, 0, -0.5000000000, -138.6000000000], [0, 1, 0, 0], [0.5000000000, 0, 0.8660254038, 0], [0, 0, 0, 1]]) {
							cube(center = true, size = [0.4000000000, 200, 200]);
						}
						multmatrix(m = [[0.8660254038, 0, -0.5000000000, -123.2000000000], [0, 1, 0, 0], [0.5000000000, 0, 0.8660254038, 0], [0, 0, 0, 1]]) {
							cube(center = true, size = [0.4000000000, 200, 200]);
						}
						multmatrix(m = [[0.8660254038, 0, -0.5000000000, -107.8000000000], [0, 1, 0, 0], [0.5000000000, 0, 0.8660254038, 0], [0, 0, 0, 1]]) {
							cube(center = true, size = [0.4000000000, 200, 200]);
						}
						multmatrix(m = [[0.8660254038, 0, -0.5000000000, -92.4000000000], [0, 1, 0, 0], [0.5000000000, 0, 0.8660254038, 0], [0, 0, 0, 1]]) {
							cube(center = true, size = [0.4000000000, 200, 200]);
						}
						multmatrix(m = [[0.8660254038, 0, -0.5000000000, -77.0000000000], [0, 1, 0, 0], [0.5000000000, 0, 0.8660254038, 0], [0, 0, 0, 1]]) {
							cube(center = true, size = [0.4000000000, 200, 200]);
						}
						multmatrix(m = [[0.8660254038, 0, -0.5000000000, -61.6000000000], [0, 1, 0, 0], [0.5000000000, 0, 0.8660254038, 0], [0, 0, 0, 1]]) {
							cube(center = true, size = [0.4000000000, 200, 200]);
						}
						multmatrix(m = [[0.8660254038, 0, -0.5000000000, -46.2000000000], [0, 1, 0, 0], [0.5000000000, 0, 0.8660254038, 0], [0, 0, 0, 1]]) {
							cube(center = true, size = [0.4000000000, 200, 200]);
						}
						multmatrix(m = [[0.8660254038, 0, -0.5000000000, -30.8000000000], [0, 1, 0, 0], [0.5000000000, 0, 0.8660254038, 0], [0, 0, 0, 1]]) {
							cube(center = true, size = [0.4000000000, 200, 200]);
						}
						multmatrix(m = [[0.8660254038, 0, -0.5000000000, -15.4000000000], [0, 1, 0, 0], [0.5000000000, 0, 0.8660254038, 0], [0, 0, 0, 1]]) {
							cube(center = true, size = [0.4000000000, 200, 200]);
						}
						multmatrix(m = [[0.8660254038, 0, -0.5000000000, 0.0000000000], [0, 1, 0, 0], [0.5000000000, 0, 0.8660254038, 0], [0, 0, 0, 1]]) {
							cube(center = true, size = [0.4000000000, 200, 200]);
						}
						multmatrix(m = [[0.8660254038, 0, -0.5000000000, 15.4000000000], [0, 1, 0, 0], [0.5000000000, 0, 0.8660254038, 0], [0, 0, 0, 1]]) {
							cube(center = true, size = [0.4000000000, 200, 200]);
						}
						multmatrix(m = [[0.8660254038, 0, -0.5000000000, 30.8000000000], [0, 1, 0, 0], [0.5000000000, 0, 0.8660254038, 0], [0, 0, 0, 1]]) {
							cube(center = true, size = [0.4000000000, 200, 200]);
						}
						multmatrix(m = [[0.8660254038, 0, -0.5000000000, 46.2000000000], [0, 1, 0, 0], [0.5000000000, 0, 0.8660254038, 0], [0, 0, 0, 1]]) {
							cube(center = true, size = [0.4000000000, 200, 200]);
						}
						multmatrix(m = [[0.8660254038, 0, -0.5000000000, 61.6000000000], [0, 1, 0, 0], [0.5000000000, 0, 0.8660254038, 0], [0, 0, 0, 1]]) {
							cube(center = true, size = [0.4000000000, 200, 200]);
						}
						multmatrix(m = [[0.8660254038, 0, -0.5000000000, 77.0000000000], [0, 1, 0, 0], [0.5000000000, 0, 0.8660254038, 0], [0, 0, 0, 1]]) {
							cube(center = true, size = [0.4000000000, 200, 200]);
						}
						multmatrix(m = [[0.8660254038, 0, -0.5000000000, 92.4000000000], [0, 1, 0, 0], [0.5000000000, 0, 0.8660254038, 0], [0, 0, 0, 1]]) {
							cube(center = true, size = [0.4000000000, 200, 200]);
						}
						multmatrix(m = [[0.8660254038, 0, -0.5000000000, 107.8000000000], [0, 1, 0, 0], [0.5000000000, 0, 0.8660254038, 0], [0, 0, 0, 1]]) {
							cube(center = true, size = [0.4000000000, 200, 200]);
						}
						multmatrix(m = [[0.8660254038, 0, -0.5000000000, 123.2000000000], [0, 1, 0, 0], [0.5000000000, 0, 0.8660254038, 0], [0, 0, 0, 1]]) {
							cube(center = true, size = [0.4000000000, 200, 200]);
						}
						multmatrix(m = [[0.8660254038, 0, -0.5000000000, 138.6000000000], [0, 1, 0, 0], [0.5000000000, 0, 0.8660254038, 0], [0, 0, 0, 1]]) {
							cube(center = true, size = [0.4000000000, 200, 200]);
						}
						multmatrix(m = [[0.8660254038, 0, -0.5000000000, 154.0000000000], [0, 1, 0, 0], [0.5000000000, 0, 0.8660254038, 0], [0, 0, 0, 1]]) {
							cube(center = true, size = [0.4000000000, 200, 200]);
						}
					}
				}
				rotate(a = [0, 0, 180]) {
					multmatrix(m = [[0.8660254038, 0, -0.5000000000, -154.0000000000], [0, 1, 0, 0], [0.5000000000, 0, 0.8660254038, 0], [0, 0, 0, 1]]) {
						cube(center = true, size = [0.4000000000, 200, 200]);
					}
					multmatrix(m = [[0.8660254038, 0, -0.5000000000, -138.6000000000], [0, 1, 0, 0], [0.5000000000, 0, 0.8660254038, 0], [0, 0, 0, 1]]) {
						cube(center = true, size = [0.4000000000, 200, 200]);
					}
					multmatrix(m = [[0.8660254038, 0, -0.5000000000, -123.2000000000], [0, 1, 0, 0], [0.5000000000, 0, 0.8660254038, 0], [0, 0, 0, 1]]) {
						cube(center = true, size = [0.4000000000, 200, 200]);
					}
					multmatrix(m = [[0.8660254038, 0, -0.5000000000, -107.8000000000], [0, 1, 0, 0], [0.5000000000, 0, 0.8660254038, 0], [0, 0, 0, 1]]) {
						cube(center = true, size = [0.4000000000, 200, 200]);
					}
					multmatrix(m = [[0.8660254038, 0, -0.5000000000, -92.4000000000], [0, 1, 0, 0], [0.5000000000, 0, 0.8660254038, 0], [0, 0, 0, 1]]) {
						cube(center = true, size = [0.4000000000, 200, 200]);
					}
					multmatrix(m = [[0.8660254038, 0, -0.5000000000, -77.0000000000], [0, 1, 0, 0], [0.5000000000, 0, 0.8660254038, 0], [0, 0, 0, 1]]) {
						cube(center = true, size = [0.4000000000, 200, 200]);
					}
					multmatrix(m = [[0.8660254038, 0, -0.5000000000, -61.6000000000], [0, 1, 0, 0], [0.5000000000, 0, 0.8660254038, 0], [0, 0, 0, 1]]) {
						cube(center = true, size = [0.4000000000, 200, 200]);
					}
					multmatrix(m = [[0.8660254038, 0, -0.5000000000, -46.2000000000], [0, 1, 0, 0], [0.5000000000, 0, 0.8660254038, 0], [0, 0, 0, 1]]) {
						cube(center = true, size = [0.4000000000, 200, 200]);
					}
					multmatrix(m = [[0.8660254038, 0, -0.5000000000, -30.8000000000], [0, 1, 0, 0], [0.5000000000, 0, 0.8660254038, 0], [0, 0, 0, 1]]) {
						cube(center = true, size = [0.4000000000, 200, 200]);
					}
					multmatrix(m = [[0.8660254038, 0, -0.5000000000, -15.4000000000], [0, 1, 0, 0], [0.5000000000, 0, 0.8660254038, 0], [0, 0, 0, 1]]) {
						cube(center = true, size = [0.4000000000, 200, 200]);
					}
					multmatrix(m = [[0.8660254038, 0, -0.5000000000, 0.0000000000], [0, 1, 0, 0], [0.5000000000, 0, 0.8660254038, 0], [0, 0, 0, 1]]) {
						cube(center = true, size = [0.4000000000, 200, 200]);
					}
					multmatrix(m = [[0.8660254038, 0, -0.5000000000, 15.4000000000], [0, 1, 0, 0], [0.5000000000, 0, 0.8660254038, 0], [0, 0, 0, 1]]) {
						cube(center = true, size = [0.4000000000, 200, 200]);
					}
					multmatrix(m = [[0.8660254038, 0, -0.5000000000, 30.8000000000], [0, 1, 0, 0], [0.5000000000, 0, 0.8660254038, 0], [0, 0, 0, 1]]) {
						cube(center = true, size = [0.4000000000, 200, 200]);
					}
					multmatrix(m = [[0.8660254038, 0, -0.5000000000, 46.2000000000], [0, 1, 0, 0], [0.5000000000, 0, 0.8660254038, 0], [0, 0, 0, 1]]) {
						cube(center = true, size = [0.4000000000, 200, 200]);
					}
					multmatrix(m = [[0.8660254038, 0, -0.5000000000, 61.6000000000], [0, 1, 0, 0], [0.5000000000, 0, 0.8660254038, 0], [0, 0, 0, 1]]) {
						cube(center = true, size = [0.4000000000, 200, 200]);
					}
					multmatrix(m = [[0.8660254038, 0, -0.5000000000, 77.0000000000], [0, 1, 0, 0], [0.5000000000, 0, 0.8660254038, 0], [0, 0, 0, 1]]) {
						cube(center = true, size = [0.4000000000, 200, 200]);
					}
					multmatrix(m = [[0.8660254038, 0, -0.5000000000, 92.4000000000], [0, 1, 0, 0], [0.5000000000, 0, 0.8660254038, 0], [0, 0, 0, 1]]) {
						cube(center = true, size = [0.4000000000, 200, 200]);
					}
					multmatrix(m = [[0.8660254038, 0, -0.5000000000, 107.8000000000], [0, 1, 0, 0], [0.5000000000, 0, 0.8660254038, 0], [0, 0, 0, 1]]) {
						cube(center = true, size = [0.4000000000, 200, 200]);
					}
					multmatrix(m = [[0.8660254038, 0, -0.5000000000, 123.2000000000], [0, 1, 0, 0], [0.5000000000, 0, 0.8660254038, 0], [0, 0, 0, 1]]) {
						cube(center = true, size = [0.4000000000, 200, 200]);
					}
					multmatrix(m = [[0.8660254038, 0, -0.5000000000, 138.6000000000], [0, 1, 0, 0], [0.5000000000, 0, 0.8660254038, 0], [0, 0, 0, 1]]) {
						cube(center = true, size = [0.4000000000, 200, 200]);
					}
					multmatrix(m = [[0.8660254038, 0, -0.5000000000, 154.0000000000], [0, 1, 0, 0], [0.5000000000, 0, 0.8660254038, 0], [0, 0, 0, 1]]) {
						cube(center = true, size = [0.4000000000, 200, 200]);
					}
				}
			}
			rotate(a = [0, 0, 240]) {
				multmatrix(m = [[0.8660254038, 0, -0.5000000000, -154.0000000000], [0, 1, 0, 0], [0.5000000000, 0, 0.8660254038, 0], [0, 0, 0, 1]]) {
					cube(center = true, size = [0.4000000000, 200, 200]);
				}
				multmatrix(m = [[0.8660254038, 0, -0.5000000000, -138.6000000000], [0, 1, 0, 0], [0.5000000000, 0, 0.8660254038, 0], [0, 0, 0, 1]]) {
					cube(center = true, size = [0.4000000000, 200, 200]);
				}
				multmatrix(m = [[0.8660254038, 0, -0.5000000000, -123.2000000000], [0, 1, 0, 0], [0.5000000000, 0, 0.8660254038, 0], [0, 0, 0, 1]]) {
					cube(center = true, size = [0.4000000000, 200, 200]);
				}
				multmatrix(m = [[0.8660254038, 0, -0.5000000000, -107.8000000000], [0, 1, 0, 0], [0.5000000000, 0, 0.8660254038, 0], [0, 0, 0, 1]]) {
					cube(center = true, size = [0.4000000000, 200, 200]);
				}
				multmatrix(m = [[0.8660254038, 0, -0.5000000000, -92.4000000000], [0, 1, 0, 0], [0.5000000000, 0, 0.8660254038, 0], [0, 0, 0, 1]]) {
					cube(center = true, size = [0.4000000000, 200, 200]);
				}
				multmatrix(m = [[0.8660254038, 0, -0.5000000000, -77.0000000000], [0, 1, 0, 0], [0.5000000000, 0, 0.8660254038, 0], [0, 0, 0, 1]]) {
					cube(center = true, size = [0.4000000000, 200, 200]);
				}
				multmatrix(m = [[0.8660254038, 0, -0.5000000000, -61.6000000000], [0, 1, 0, 0], [0.5000000000, 0, 0.8660254038, 0], [0, 0, 0, 1]]) {
					cube(center = true, size = [0.4000000000, 200, 200]);
				}
				multmatrix(m = [[0.8660254038, 0, -0.5000000000, -46.2000000000], [0, 1, 0, 0], [0.5000000000, 0, 0.8660254038, 0], [0, 0, 0, 1]]) {
					cube(center = true, size = [0.4000000000, 200, 200]);
				}
				multmatrix(m = [[0.8660254038, 0, -0.5000000000, -30.8000000000], [0, 1, 0, 0], [0.5000000000, 0, 0.8660254038, 0], [0, 0, 0, 1]]) {
					cube(center = true, size = [0.4000000000, 200, 200]);
				}
				multmatrix(m = [[0.8660254038, 0, -0.5000000000, -15.4000000000], [0, 1, 0, 0], [0.5000000000, 0, 0.8660254038, 0], [0, 0, 0, 1]]) {
					cube(center = true, size = [0.4000000000, 200, 200]);
				}
				multmatrix(m = [[0.8660254038, 0, -0.5000000000, 0.0000000000], [0, 1, 0, 0], [0.5000000000, 0, 0.8660254038, 0], [0, 0, 0, 1]]) {
					cube(center = true, size = [0.4000000000, 200, 200]);
				}
				multmatrix(m = [[0.8660254038, 0, -0.5000000000, 15.4000000000], [0, 1, 0, 0], [0.5000000000, 0, 0.8660254038, 0], [0, 0, 0, 1]]) {
					cube(center = true, size = [0.4000000000, 200, 200]);
				}
				multmatrix(m = [[0.8660254038, 0, -0.5000000000, 30.8000000000], [0, 1, 0, 0], [0.5000000000, 0, 0.8660254038, 0], [0, 0, 0, 1]]) {
					cube(center = true, size = [0.4000000000, 200, 200]);
				}
				multmatrix(m = [[0.8660254038, 0, -0.5000000000, 46.2000000000], [0, 1, 0, 0], [0.5000000000, 0, 0.8660254038, 0], [0, 0, 0, 1]]) {
					cube(center = true, size = [0.4000000000, 200, 200]);
				}
				multmatrix(m = [[0.8660254038, 0, -0.5000000000, 61.6000000000], [0, 1, 0, 0], [0.5000000000, 0, 0.8660254038, 0], [0, 0, 0, 1]]) {
					cube(center = true, size = [0.4000000000, 200, 200]);
				}
				multmatrix(m = [[0.8660254038, 0, -0.5000000000, 77.0000000000], [0, 1, 0, 0], [0.5000000000, 0, 0.8660254038, 0], [0, 0, 0, 1]]) {
					cube(center = true, size = [0.4000000000, 200, 200]);
				}
				multmatrix(m = [[0.8660254038, 0, -0.5000000000, 92.4000000000], [0, 1, 0, 0], [0.5000000000, 0, 0.8660254038, 0], [0, 0, 0, 1]]) {
					cube(center = true, size = [0.4000000000, 200, 200]);
				}
				multmatrix(m = [[0.8660254038, 0, -0.5000000000, 107.8000000000], [0, 1, 0, 0], [0.5000000000, 0, 0.8660254038, 0], [0, 0, 0, 1]]) {
					cube(center = true, size = [0.4000000000, 200, 200]);
				}
				multmatrix(m = [[0.8660254038, 0, -0.5000000000, 123.2000000000], [0, 1, 0, 0], [0.5000000000, 0, 0.8660254038, 0], [0, 0, 0, 1]]) {
					cube(center = true, size = [0.4000000000, 200, 200]);
				}
				multmatrix(m = [[0.8660254038, 0, -0.5000000000, 138.6000000000], [0, 1, 0, 0], [0.5000000000, 0, 0.8660254038, 0], [0, 0, 0, 1]]) {
					cube(center = true, size = [0.4000000000, 200, 200]);
				}
				multmatrix(m = [[0.8660254038, 0, -0.5000000000, 154.0000000000], [0, 1, 0, 0], [0.5000000000, 0, 0.8660254038, 0], [0, 0, 0, 1]]) {
					cube(center = true, size = [0.4000000000, 200, 200]);
				}
			}
		}
		rotate(a = [0, 0, 300]) {
			multmatrix(m = [[0.8660254038, 0, -0.5000000000, -154.0000000000], [0, 1, 0, 0], [0.5000000000, 0, 0.8660254038, 0], [0, 0, 0, 1]]) {
				cube(center = true, size = [0.4000000000, 200, 200]);
			}
			multmatrix(m = [[0.8660254038, 0, -0.5000000000, -138.6000000000], [0, 1, 0, 0], [0.5000000000, 0, 0.8660254038, 0], [0, 0, 0, 1]]) {
				cube(center = true, size = [0.4000000000, 200, 200]);
			}
			multmatrix(m = [[0.8660254038, 0, -0.5000000000, -123.2000000000], [0, 1, 0, 0], [0.5000000000, 0, 0.8660254038, 0], [0, 0, 0, 1]]) {
				cube(center = true, size = [0.4000000000, 200, 200]);
			}
			multmatrix(m = [[0.8660254038, 0, -0.5000000000, -107.8000000000], [0, 1, 0, 0], [0.5000000000, 0, 0.8660254038, 0], [0, 0, 0, 1]]) {
				cube(center = true, size = [0.4000000000, 200, 200]);
			}
			multmatrix(m = [[0.8660254038, 0, -0.5000000000, -92.4000000000], [0, 1, 0, 0], [0.5000000000, 0, 0.8660254038, 0], [0, 0, 0, 1]]) {
				cube(center = true, size = [0.4000000000, 200, 200]);
			}
			multmatrix(m = [[0.8660254038, 0, -0.5000000000, -77.0000000000], [0, 1, 0, 0], [0.5000000000, 0, 0.8660254038, 0], [0, 0, 0, 1]]) {
				cube(center = true, size = [0.4000000000, 200, 200]);
			}
			multmatrix(m = [[0.8660254038, 0, -0.5000000000, -61.6000000000], [0, 1, 0, 0], [0.5000000000, 0, 0.8660254038, 0], [0, 0, 0, 1]]) {
				cube(center = true, size = [0.4000000000, 200, 200]);
			}
			multmatrix(m = [[0.8660254038, 0, -0.5000000000, -46.2000000000], [0, 1, 0, 0], [0.5000000000, 0, 0.8660254038, 0], [0, 0, 0, 1]]) {
				cube(center = true, size = [0.4000000000, 200, 200]);
			}
			multmatrix(m = [[0.8660254038, 0, -0.5000000000, -30.8000000000], [0, 1, 0, 0], [0.5000000000, 0, 0.8660254038, 0], [0, 0, 0, 1]]) {
				cube(center = true, size = [0.4000000000, 200, 200]);
			}
			multmatrix(m = [[0.8660254038, 0, -0.5000000000, -15.4000000000], [0, 1, 0, 0], [0.5000000000, 0, 0.8660254038, 0], [0, 0, 0, 1]]) {
				cube(center = true, size = [0.4000000000, 200, 200]);
			}
			multmatrix(m = [[0.8660254038, 0, -0.5000000000, 0.0000000000], [0, 1, 0, 0], [0.5000000000, 0, 0.8660254038, 0], [0, 0, 0, 1]]) {
				cube(center = true, size = [0.4000000000, 200, 200]);
			}
			multmatrix(m = [[0.8660254038, 0, -0.5000000000, 15.4000000000], [0, 1, 0, 0], [0.5000000000, 0, 0.8660254038, 0], [0, 0, 0, 1]]) {
				cube(center = true, size = [0.4000000000, 200, 200]);
			}
			multmatrix(m = [[0.8660254038, 0, -0.5000000000, 30.8000000000], [0, 1, 0, 0], [0.5000000000, 0, 0.8660254038, 0], [0, 0, 0, 1]]) {
				cube(center = true, size = [0.4000000000, 200, 200]);
			}
			multmatrix(m = [[0.8660254038, 0, -0.5000000000, 46.2000000000], [0, 1, 0, 0], [0.5000000000, 0, 0.8660254038, 0], [0, 0, 0, 1]]) {
				cube(center = true, size = [0.4000000000, 200, 200]);
			}
			multmatrix(m = [[0.8660254038, 0, -0.5000000000, 61.6000000000], [0, 1, 0, 0], [0.5000000000, 0, 0.8660254038, 0], [0, 0, 0, 1]]) {
				cube(center = true, size = [0.4000000000, 200, 200]);
			}
			multmatrix(m = [[0.8660254038, 0, -0.5000000000, 77.0000000000], [0, 1, 0, 0], [0.5000000000, 0, 0.8660254038, 0], [0, 0, 0, 1]]) {
				cube(center = true, size = [0.4000000000, 200, 200]);
			}
			multmatrix(m = [[0.8660254038, 0, -0.5000000000, 92.4000000000], [0, 1, 0, 0], [0.5000000000, 0, 0.8660254038, 0], [0, 0, 0, 1]]) {
				cube(center = true, size = [0.4000000000, 200, 200]);
			}
			multmatrix(m = [[0.8660254038, 0, -0.5000000000, 107.8000000000], [0, 1, 0, 0], [0.5000000000, 0, 0.8660254038, 0], [0, 0, 0, 1]]) {
				cube(center = true, size = [0.4000000000, 200, 200]);
			}
			multmatrix(m = [[0.8660254038, 0, -0.5000000000, 123.2000000000], [0, 1, 0, 0], [0.5000000000, 0, 0.8660254038, 0], [0, 0, 0, 1]]) {
				cube(center = true, size = [0.4000000000, 200, 200]);
			}
			multmatrix(m = [[0.8660254038, 0, -0.5000000000, 138.6000000000], [0, 1, 0, 0], [0.5000000000, 0, 0.8660254038, 0], [0, 0, 0, 1]]) {
				cube(center = true, size = [0.4000000000, 200, 200]);
			}
			multmatrix(m = [[0.8660254038, 0, -0.5000000000, 154.0000000000], [0, 1, 0, 0], [0.5000000000, 0, 0.8660254038, 0], [0, 0, 0, 1]]) {
				cube(center = true, size = [0.4000000000, 200, 200]);
			}
		}
	}
	scale(v = [1000, 1000, 1000]) {
		import(file = "/home/clarence/ros_ws/metamaterial_ws/src/metamaterial_filling/data/FL_replaced.stl", origin = [0, 0]);
	}
}
/***********************************************
*********      SolidPython code:      **********
************************************************
 
from solid import *
from solid.utils import *
import math
import os

# Define the dimensions of the board
height = 200    # z dimension
width = 200     # y dimension
thickness = 0.4 # x dimension
interval = 15   # Interval between boards
plates_num = 10
tilt_angle = math.radians(30)  # Convert degrees to radians

# Input STL file path
input_stl_path = '/home/clarence/ros_ws/metamaterial_ws/src/metamaterial_filling/data/FL_replaced.stl'

# Output STL file name
output_stl_path = '/home/clarence/ros_ws/metamaterial_ws/src/metamaterial_filling/data/FL_final_output.stl'


# Create the board centered at (0,0,0)
def create_board():
    return cube([thickness, width, height], center=True)

# Tilt the board by 30 degrees along the y-axis and position it
def tilted_board(x_position):
    transform = [
        [math.cos(tilt_angle), 0, -math.sin(tilt_angle), x_position],
        [0, 1, 0, 0],
        [math.sin(tilt_angle), 0, math.cos(tilt_angle), 0],
        [0, 0, 0, 1]
    ]
    return multmatrix(transform)(create_board())

# Create multiple boards along +x and -x directions
def create_all_boards():
    return [tilted_board(i * (thickness + interval)) for i in range(-plates_num, plates_num + 1)]

# Combine all boards into one mesh iteratively with unions after some boards are generated
def combined_boards():
    combined = union()(*create_all_boards())
    for angle in [60, 120, 180, 240, 300]:
        rotated_boards = rotate([0, 0, angle])(create_all_boards())
        combined = union()(combined, rotated_boards)
    return combined

# Cut out the cube space from the combined mesh
def final_model():
    combined = combined_boards()
    stl_import = scale([1000, 1000, 1000])(import_stl(input_stl_path))
    return intersection()(combined, stl_import)

# Generate the final model and export to an STL file
# if __name__ == '__main__':
#     # Generate the final model and export to an STL file
#     scad_render_to_file(final_model(), 'final_model.scad')

# Generate the final model and export to an STL file
if __name__ == '__main__':
    # Generate the SCAD file
    scad_file = 'final_model.scad'
    scad_render_to_file(final_model(), scad_file)
    
    # Use OpenSCAD's command-line interface to convert the SCAD file to an STL file
    os.system(f'openscad -o {output_stl_path} {scad_file}') 
 
************************************************/
