// Generated by SolidPython 1.1.3 on 2024-08-16 16:55:43


union() {
	union() {
		union() {
			import(file = "/home/clarence/git/anything2robot/anything2robot/metamaterial_filling/script/../data/output/FR_UP_replaced.stl", origin = [0, 0]);
			import(file = "/home/clarence/git/anything2robot/anything2robot/metamaterial_filling/data/transformed_tenon/connection_child_second_transformed.stl", origin = [0, 0]);
		}
		import(file = "/home/clarence/git/anything2robot/anything2robot/metamaterial_filling/data/transformed_tenon/connection_father_second_transformed.stl", origin = [0, 0]);
	}
	intersection() {
		union() {
			union() {
				union() {
					union() {
						union() {
							union() {
								multmatrix(m = [[0.8660254038, 0, -0.5000000000, -169.4000000000], [0, 1, 0, 0], [0.5000000000, 0, 0.8660254038, 0], [0, 0, 0, 1]]) {
									cube(center = true, size = [0.2000000000, 339.1890000000, 236.3067000000]);
								}
								multmatrix(m = [[0.8660254038, 0, -0.5000000000, -145.2000000000], [0, 1, 0, 0], [0.5000000000, 0, 0.8660254038, 0], [0, 0, 0, 1]]) {
									cube(center = true, size = [0.2000000000, 339.1890000000, 236.3067000000]);
								}
								multmatrix(m = [[0.8660254038, 0, -0.5000000000, -121.0000000000], [0, 1, 0, 0], [0.5000000000, 0, 0.8660254038, 0], [0, 0, 0, 1]]) {
									cube(center = true, size = [0.2000000000, 339.1890000000, 236.3067000000]);
								}
								multmatrix(m = [[0.8660254038, 0, -0.5000000000, -96.8000000000], [0, 1, 0, 0], [0.5000000000, 0, 0.8660254038, 0], [0, 0, 0, 1]]) {
									cube(center = true, size = [0.2000000000, 339.1890000000, 236.3067000000]);
								}
								multmatrix(m = [[0.8660254038, 0, -0.5000000000, -72.6000000000], [0, 1, 0, 0], [0.5000000000, 0, 0.8660254038, 0], [0, 0, 0, 1]]) {
									cube(center = true, size = [0.2000000000, 339.1890000000, 236.3067000000]);
								}
								multmatrix(m = [[0.8660254038, 0, -0.5000000000, -48.4000000000], [0, 1, 0, 0], [0.5000000000, 0, 0.8660254038, 0], [0, 0, 0, 1]]) {
									cube(center = true, size = [0.2000000000, 339.1890000000, 236.3067000000]);
								}
								multmatrix(m = [[0.8660254038, 0, -0.5000000000, -24.2000000000], [0, 1, 0, 0], [0.5000000000, 0, 0.8660254038, 0], [0, 0, 0, 1]]) {
									cube(center = true, size = [0.2000000000, 339.1890000000, 236.3067000000]);
								}
								multmatrix(m = [[0.8660254038, 0, -0.5000000000, 0.0000000000], [0, 1, 0, 0], [0.5000000000, 0, 0.8660254038, 0], [0, 0, 0, 1]]) {
									cube(center = true, size = [0.2000000000, 339.1890000000, 236.3067000000]);
								}
								multmatrix(m = [[0.8660254038, 0, -0.5000000000, 24.2000000000], [0, 1, 0, 0], [0.5000000000, 0, 0.8660254038, 0], [0, 0, 0, 1]]) {
									cube(center = true, size = [0.2000000000, 339.1890000000, 236.3067000000]);
								}
								multmatrix(m = [[0.8660254038, 0, -0.5000000000, 48.4000000000], [0, 1, 0, 0], [0.5000000000, 0, 0.8660254038, 0], [0, 0, 0, 1]]) {
									cube(center = true, size = [0.2000000000, 339.1890000000, 236.3067000000]);
								}
								multmatrix(m = [[0.8660254038, 0, -0.5000000000, 72.6000000000], [0, 1, 0, 0], [0.5000000000, 0, 0.8660254038, 0], [0, 0, 0, 1]]) {
									cube(center = true, size = [0.2000000000, 339.1890000000, 236.3067000000]);
								}
								multmatrix(m = [[0.8660254038, 0, -0.5000000000, 96.8000000000], [0, 1, 0, 0], [0.5000000000, 0, 0.8660254038, 0], [0, 0, 0, 1]]) {
									cube(center = true, size = [0.2000000000, 339.1890000000, 236.3067000000]);
								}
								multmatrix(m = [[0.8660254038, 0, -0.5000000000, 121.0000000000], [0, 1, 0, 0], [0.5000000000, 0, 0.8660254038, 0], [0, 0, 0, 1]]) {
									cube(center = true, size = [0.2000000000, 339.1890000000, 236.3067000000]);
								}
								multmatrix(m = [[0.8660254038, 0, -0.5000000000, 145.2000000000], [0, 1, 0, 0], [0.5000000000, 0, 0.8660254038, 0], [0, 0, 0, 1]]) {
									cube(center = true, size = [0.2000000000, 339.1890000000, 236.3067000000]);
								}
								multmatrix(m = [[0.8660254038, 0, -0.5000000000, 169.4000000000], [0, 1, 0, 0], [0.5000000000, 0, 0.8660254038, 0], [0, 0, 0, 1]]) {
									cube(center = true, size = [0.2000000000, 339.1890000000, 236.3067000000]);
								}
							}
							rotate(a = [0, 0, 60]) {
								multmatrix(m = [[0.8660254038, 0, -0.5000000000, -169.4000000000], [0, 1, 0, 0], [0.5000000000, 0, 0.8660254038, 0], [0, 0, 0, 1]]) {
									cube(center = true, size = [0.2000000000, 339.1890000000, 236.3067000000]);
								}
								multmatrix(m = [[0.8660254038, 0, -0.5000000000, -145.2000000000], [0, 1, 0, 0], [0.5000000000, 0, 0.8660254038, 0], [0, 0, 0, 1]]) {
									cube(center = true, size = [0.2000000000, 339.1890000000, 236.3067000000]);
								}
								multmatrix(m = [[0.8660254038, 0, -0.5000000000, -121.0000000000], [0, 1, 0, 0], [0.5000000000, 0, 0.8660254038, 0], [0, 0, 0, 1]]) {
									cube(center = true, size = [0.2000000000, 339.1890000000, 236.3067000000]);
								}
								multmatrix(m = [[0.8660254038, 0, -0.5000000000, -96.8000000000], [0, 1, 0, 0], [0.5000000000, 0, 0.8660254038, 0], [0, 0, 0, 1]]) {
									cube(center = true, size = [0.2000000000, 339.1890000000, 236.3067000000]);
								}
								multmatrix(m = [[0.8660254038, 0, -0.5000000000, -72.6000000000], [0, 1, 0, 0], [0.5000000000, 0, 0.8660254038, 0], [0, 0, 0, 1]]) {
									cube(center = true, size = [0.2000000000, 339.1890000000, 236.3067000000]);
								}
								multmatrix(m = [[0.8660254038, 0, -0.5000000000, -48.4000000000], [0, 1, 0, 0], [0.5000000000, 0, 0.8660254038, 0], [0, 0, 0, 1]]) {
									cube(center = true, size = [0.2000000000, 339.1890000000, 236.3067000000]);
								}
								multmatrix(m = [[0.8660254038, 0, -0.5000000000, -24.2000000000], [0, 1, 0, 0], [0.5000000000, 0, 0.8660254038, 0], [0, 0, 0, 1]]) {
									cube(center = true, size = [0.2000000000, 339.1890000000, 236.3067000000]);
								}
								multmatrix(m = [[0.8660254038, 0, -0.5000000000, 0.0000000000], [0, 1, 0, 0], [0.5000000000, 0, 0.8660254038, 0], [0, 0, 0, 1]]) {
									cube(center = true, size = [0.2000000000, 339.1890000000, 236.3067000000]);
								}
								multmatrix(m = [[0.8660254038, 0, -0.5000000000, 24.2000000000], [0, 1, 0, 0], [0.5000000000, 0, 0.8660254038, 0], [0, 0, 0, 1]]) {
									cube(center = true, size = [0.2000000000, 339.1890000000, 236.3067000000]);
								}
								multmatrix(m = [[0.8660254038, 0, -0.5000000000, 48.4000000000], [0, 1, 0, 0], [0.5000000000, 0, 0.8660254038, 0], [0, 0, 0, 1]]) {
									cube(center = true, size = [0.2000000000, 339.1890000000, 236.3067000000]);
								}
								multmatrix(m = [[0.8660254038, 0, -0.5000000000, 72.6000000000], [0, 1, 0, 0], [0.5000000000, 0, 0.8660254038, 0], [0, 0, 0, 1]]) {
									cube(center = true, size = [0.2000000000, 339.1890000000, 236.3067000000]);
								}
								multmatrix(m = [[0.8660254038, 0, -0.5000000000, 96.8000000000], [0, 1, 0, 0], [0.5000000000, 0, 0.8660254038, 0], [0, 0, 0, 1]]) {
									cube(center = true, size = [0.2000000000, 339.1890000000, 236.3067000000]);
								}
								multmatrix(m = [[0.8660254038, 0, -0.5000000000, 121.0000000000], [0, 1, 0, 0], [0.5000000000, 0, 0.8660254038, 0], [0, 0, 0, 1]]) {
									cube(center = true, size = [0.2000000000, 339.1890000000, 236.3067000000]);
								}
								multmatrix(m = [[0.8660254038, 0, -0.5000000000, 145.2000000000], [0, 1, 0, 0], [0.5000000000, 0, 0.8660254038, 0], [0, 0, 0, 1]]) {
									cube(center = true, size = [0.2000000000, 339.1890000000, 236.3067000000]);
								}
								multmatrix(m = [[0.8660254038, 0, -0.5000000000, 169.4000000000], [0, 1, 0, 0], [0.5000000000, 0, 0.8660254038, 0], [0, 0, 0, 1]]) {
									cube(center = true, size = [0.2000000000, 339.1890000000, 236.3067000000]);
								}
							}
						}
						rotate(a = [0, 0, 120]) {
							multmatrix(m = [[0.8660254038, 0, -0.5000000000, -169.4000000000], [0, 1, 0, 0], [0.5000000000, 0, 0.8660254038, 0], [0, 0, 0, 1]]) {
								cube(center = true, size = [0.2000000000, 339.1890000000, 236.3067000000]);
							}
							multmatrix(m = [[0.8660254038, 0, -0.5000000000, -145.2000000000], [0, 1, 0, 0], [0.5000000000, 0, 0.8660254038, 0], [0, 0, 0, 1]]) {
								cube(center = true, size = [0.2000000000, 339.1890000000, 236.3067000000]);
							}
							multmatrix(m = [[0.8660254038, 0, -0.5000000000, -121.0000000000], [0, 1, 0, 0], [0.5000000000, 0, 0.8660254038, 0], [0, 0, 0, 1]]) {
								cube(center = true, size = [0.2000000000, 339.1890000000, 236.3067000000]);
							}
							multmatrix(m = [[0.8660254038, 0, -0.5000000000, -96.8000000000], [0, 1, 0, 0], [0.5000000000, 0, 0.8660254038, 0], [0, 0, 0, 1]]) {
								cube(center = true, size = [0.2000000000, 339.1890000000, 236.3067000000]);
							}
							multmatrix(m = [[0.8660254038, 0, -0.5000000000, -72.6000000000], [0, 1, 0, 0], [0.5000000000, 0, 0.8660254038, 0], [0, 0, 0, 1]]) {
								cube(center = true, size = [0.2000000000, 339.1890000000, 236.3067000000]);
							}
							multmatrix(m = [[0.8660254038, 0, -0.5000000000, -48.4000000000], [0, 1, 0, 0], [0.5000000000, 0, 0.8660254038, 0], [0, 0, 0, 1]]) {
								cube(center = true, size = [0.2000000000, 339.1890000000, 236.3067000000]);
							}
							multmatrix(m = [[0.8660254038, 0, -0.5000000000, -24.2000000000], [0, 1, 0, 0], [0.5000000000, 0, 0.8660254038, 0], [0, 0, 0, 1]]) {
								cube(center = true, size = [0.2000000000, 339.1890000000, 236.3067000000]);
							}
							multmatrix(m = [[0.8660254038, 0, -0.5000000000, 0.0000000000], [0, 1, 0, 0], [0.5000000000, 0, 0.8660254038, 0], [0, 0, 0, 1]]) {
								cube(center = true, size = [0.2000000000, 339.1890000000, 236.3067000000]);
							}
							multmatrix(m = [[0.8660254038, 0, -0.5000000000, 24.2000000000], [0, 1, 0, 0], [0.5000000000, 0, 0.8660254038, 0], [0, 0, 0, 1]]) {
								cube(center = true, size = [0.2000000000, 339.1890000000, 236.3067000000]);
							}
							multmatrix(m = [[0.8660254038, 0, -0.5000000000, 48.4000000000], [0, 1, 0, 0], [0.5000000000, 0, 0.8660254038, 0], [0, 0, 0, 1]]) {
								cube(center = true, size = [0.2000000000, 339.1890000000, 236.3067000000]);
							}
							multmatrix(m = [[0.8660254038, 0, -0.5000000000, 72.6000000000], [0, 1, 0, 0], [0.5000000000, 0, 0.8660254038, 0], [0, 0, 0, 1]]) {
								cube(center = true, size = [0.2000000000, 339.1890000000, 236.3067000000]);
							}
							multmatrix(m = [[0.8660254038, 0, -0.5000000000, 96.8000000000], [0, 1, 0, 0], [0.5000000000, 0, 0.8660254038, 0], [0, 0, 0, 1]]) {
								cube(center = true, size = [0.2000000000, 339.1890000000, 236.3067000000]);
							}
							multmatrix(m = [[0.8660254038, 0, -0.5000000000, 121.0000000000], [0, 1, 0, 0], [0.5000000000, 0, 0.8660254038, 0], [0, 0, 0, 1]]) {
								cube(center = true, size = [0.2000000000, 339.1890000000, 236.3067000000]);
							}
							multmatrix(m = [[0.8660254038, 0, -0.5000000000, 145.2000000000], [0, 1, 0, 0], [0.5000000000, 0, 0.8660254038, 0], [0, 0, 0, 1]]) {
								cube(center = true, size = [0.2000000000, 339.1890000000, 236.3067000000]);
							}
							multmatrix(m = [[0.8660254038, 0, -0.5000000000, 169.4000000000], [0, 1, 0, 0], [0.5000000000, 0, 0.8660254038, 0], [0, 0, 0, 1]]) {
								cube(center = true, size = [0.2000000000, 339.1890000000, 236.3067000000]);
							}
						}
					}
					rotate(a = [0, 0, 180]) {
						multmatrix(m = [[0.8660254038, 0, -0.5000000000, -169.4000000000], [0, 1, 0, 0], [0.5000000000, 0, 0.8660254038, 0], [0, 0, 0, 1]]) {
							cube(center = true, size = [0.2000000000, 339.1890000000, 236.3067000000]);
						}
						multmatrix(m = [[0.8660254038, 0, -0.5000000000, -145.2000000000], [0, 1, 0, 0], [0.5000000000, 0, 0.8660254038, 0], [0, 0, 0, 1]]) {
							cube(center = true, size = [0.2000000000, 339.1890000000, 236.3067000000]);
						}
						multmatrix(m = [[0.8660254038, 0, -0.5000000000, -121.0000000000], [0, 1, 0, 0], [0.5000000000, 0, 0.8660254038, 0], [0, 0, 0, 1]]) {
							cube(center = true, size = [0.2000000000, 339.1890000000, 236.3067000000]);
						}
						multmatrix(m = [[0.8660254038, 0, -0.5000000000, -96.8000000000], [0, 1, 0, 0], [0.5000000000, 0, 0.8660254038, 0], [0, 0, 0, 1]]) {
							cube(center = true, size = [0.2000000000, 339.1890000000, 236.3067000000]);
						}
						multmatrix(m = [[0.8660254038, 0, -0.5000000000, -72.6000000000], [0, 1, 0, 0], [0.5000000000, 0, 0.8660254038, 0], [0, 0, 0, 1]]) {
							cube(center = true, size = [0.2000000000, 339.1890000000, 236.3067000000]);
						}
						multmatrix(m = [[0.8660254038, 0, -0.5000000000, -48.4000000000], [0, 1, 0, 0], [0.5000000000, 0, 0.8660254038, 0], [0, 0, 0, 1]]) {
							cube(center = true, size = [0.2000000000, 339.1890000000, 236.3067000000]);
						}
						multmatrix(m = [[0.8660254038, 0, -0.5000000000, -24.2000000000], [0, 1, 0, 0], [0.5000000000, 0, 0.8660254038, 0], [0, 0, 0, 1]]) {
							cube(center = true, size = [0.2000000000, 339.1890000000, 236.3067000000]);
						}
						multmatrix(m = [[0.8660254038, 0, -0.5000000000, 0.0000000000], [0, 1, 0, 0], [0.5000000000, 0, 0.8660254038, 0], [0, 0, 0, 1]]) {
							cube(center = true, size = [0.2000000000, 339.1890000000, 236.3067000000]);
						}
						multmatrix(m = [[0.8660254038, 0, -0.5000000000, 24.2000000000], [0, 1, 0, 0], [0.5000000000, 0, 0.8660254038, 0], [0, 0, 0, 1]]) {
							cube(center = true, size = [0.2000000000, 339.1890000000, 236.3067000000]);
						}
						multmatrix(m = [[0.8660254038, 0, -0.5000000000, 48.4000000000], [0, 1, 0, 0], [0.5000000000, 0, 0.8660254038, 0], [0, 0, 0, 1]]) {
							cube(center = true, size = [0.2000000000, 339.1890000000, 236.3067000000]);
						}
						multmatrix(m = [[0.8660254038, 0, -0.5000000000, 72.6000000000], [0, 1, 0, 0], [0.5000000000, 0, 0.8660254038, 0], [0, 0, 0, 1]]) {
							cube(center = true, size = [0.2000000000, 339.1890000000, 236.3067000000]);
						}
						multmatrix(m = [[0.8660254038, 0, -0.5000000000, 96.8000000000], [0, 1, 0, 0], [0.5000000000, 0, 0.8660254038, 0], [0, 0, 0, 1]]) {
							cube(center = true, size = [0.2000000000, 339.1890000000, 236.3067000000]);
						}
						multmatrix(m = [[0.8660254038, 0, -0.5000000000, 121.0000000000], [0, 1, 0, 0], [0.5000000000, 0, 0.8660254038, 0], [0, 0, 0, 1]]) {
							cube(center = true, size = [0.2000000000, 339.1890000000, 236.3067000000]);
						}
						multmatrix(m = [[0.8660254038, 0, -0.5000000000, 145.2000000000], [0, 1, 0, 0], [0.5000000000, 0, 0.8660254038, 0], [0, 0, 0, 1]]) {
							cube(center = true, size = [0.2000000000, 339.1890000000, 236.3067000000]);
						}
						multmatrix(m = [[0.8660254038, 0, -0.5000000000, 169.4000000000], [0, 1, 0, 0], [0.5000000000, 0, 0.8660254038, 0], [0, 0, 0, 1]]) {
							cube(center = true, size = [0.2000000000, 339.1890000000, 236.3067000000]);
						}
					}
				}
				rotate(a = [0, 0, 240]) {
					multmatrix(m = [[0.8660254038, 0, -0.5000000000, -169.4000000000], [0, 1, 0, 0], [0.5000000000, 0, 0.8660254038, 0], [0, 0, 0, 1]]) {
						cube(center = true, size = [0.2000000000, 339.1890000000, 236.3067000000]);
					}
					multmatrix(m = [[0.8660254038, 0, -0.5000000000, -145.2000000000], [0, 1, 0, 0], [0.5000000000, 0, 0.8660254038, 0], [0, 0, 0, 1]]) {
						cube(center = true, size = [0.2000000000, 339.1890000000, 236.3067000000]);
					}
					multmatrix(m = [[0.8660254038, 0, -0.5000000000, -121.0000000000], [0, 1, 0, 0], [0.5000000000, 0, 0.8660254038, 0], [0, 0, 0, 1]]) {
						cube(center = true, size = [0.2000000000, 339.1890000000, 236.3067000000]);
					}
					multmatrix(m = [[0.8660254038, 0, -0.5000000000, -96.8000000000], [0, 1, 0, 0], [0.5000000000, 0, 0.8660254038, 0], [0, 0, 0, 1]]) {
						cube(center = true, size = [0.2000000000, 339.1890000000, 236.3067000000]);
					}
					multmatrix(m = [[0.8660254038, 0, -0.5000000000, -72.6000000000], [0, 1, 0, 0], [0.5000000000, 0, 0.8660254038, 0], [0, 0, 0, 1]]) {
						cube(center = true, size = [0.2000000000, 339.1890000000, 236.3067000000]);
					}
					multmatrix(m = [[0.8660254038, 0, -0.5000000000, -48.4000000000], [0, 1, 0, 0], [0.5000000000, 0, 0.8660254038, 0], [0, 0, 0, 1]]) {
						cube(center = true, size = [0.2000000000, 339.1890000000, 236.3067000000]);
					}
					multmatrix(m = [[0.8660254038, 0, -0.5000000000, -24.2000000000], [0, 1, 0, 0], [0.5000000000, 0, 0.8660254038, 0], [0, 0, 0, 1]]) {
						cube(center = true, size = [0.2000000000, 339.1890000000, 236.3067000000]);
					}
					multmatrix(m = [[0.8660254038, 0, -0.5000000000, 0.0000000000], [0, 1, 0, 0], [0.5000000000, 0, 0.8660254038, 0], [0, 0, 0, 1]]) {
						cube(center = true, size = [0.2000000000, 339.1890000000, 236.3067000000]);
					}
					multmatrix(m = [[0.8660254038, 0, -0.5000000000, 24.2000000000], [0, 1, 0, 0], [0.5000000000, 0, 0.8660254038, 0], [0, 0, 0, 1]]) {
						cube(center = true, size = [0.2000000000, 339.1890000000, 236.3067000000]);
					}
					multmatrix(m = [[0.8660254038, 0, -0.5000000000, 48.4000000000], [0, 1, 0, 0], [0.5000000000, 0, 0.8660254038, 0], [0, 0, 0, 1]]) {
						cube(center = true, size = [0.2000000000, 339.1890000000, 236.3067000000]);
					}
					multmatrix(m = [[0.8660254038, 0, -0.5000000000, 72.6000000000], [0, 1, 0, 0], [0.5000000000, 0, 0.8660254038, 0], [0, 0, 0, 1]]) {
						cube(center = true, size = [0.2000000000, 339.1890000000, 236.3067000000]);
					}
					multmatrix(m = [[0.8660254038, 0, -0.5000000000, 96.8000000000], [0, 1, 0, 0], [0.5000000000, 0, 0.8660254038, 0], [0, 0, 0, 1]]) {
						cube(center = true, size = [0.2000000000, 339.1890000000, 236.3067000000]);
					}
					multmatrix(m = [[0.8660254038, 0, -0.5000000000, 121.0000000000], [0, 1, 0, 0], [0.5000000000, 0, 0.8660254038, 0], [0, 0, 0, 1]]) {
						cube(center = true, size = [0.2000000000, 339.1890000000, 236.3067000000]);
					}
					multmatrix(m = [[0.8660254038, 0, -0.5000000000, 145.2000000000], [0, 1, 0, 0], [0.5000000000, 0, 0.8660254038, 0], [0, 0, 0, 1]]) {
						cube(center = true, size = [0.2000000000, 339.1890000000, 236.3067000000]);
					}
					multmatrix(m = [[0.8660254038, 0, -0.5000000000, 169.4000000000], [0, 1, 0, 0], [0.5000000000, 0, 0.8660254038, 0], [0, 0, 0, 1]]) {
						cube(center = true, size = [0.2000000000, 339.1890000000, 236.3067000000]);
					}
				}
			}
			rotate(a = [0, 0, 300]) {
				multmatrix(m = [[0.8660254038, 0, -0.5000000000, -169.4000000000], [0, 1, 0, 0], [0.5000000000, 0, 0.8660254038, 0], [0, 0, 0, 1]]) {
					cube(center = true, size = [0.2000000000, 339.1890000000, 236.3067000000]);
				}
				multmatrix(m = [[0.8660254038, 0, -0.5000000000, -145.2000000000], [0, 1, 0, 0], [0.5000000000, 0, 0.8660254038, 0], [0, 0, 0, 1]]) {
					cube(center = true, size = [0.2000000000, 339.1890000000, 236.3067000000]);
				}
				multmatrix(m = [[0.8660254038, 0, -0.5000000000, -121.0000000000], [0, 1, 0, 0], [0.5000000000, 0, 0.8660254038, 0], [0, 0, 0, 1]]) {
					cube(center = true, size = [0.2000000000, 339.1890000000, 236.3067000000]);
				}
				multmatrix(m = [[0.8660254038, 0, -0.5000000000, -96.8000000000], [0, 1, 0, 0], [0.5000000000, 0, 0.8660254038, 0], [0, 0, 0, 1]]) {
					cube(center = true, size = [0.2000000000, 339.1890000000, 236.3067000000]);
				}
				multmatrix(m = [[0.8660254038, 0, -0.5000000000, -72.6000000000], [0, 1, 0, 0], [0.5000000000, 0, 0.8660254038, 0], [0, 0, 0, 1]]) {
					cube(center = true, size = [0.2000000000, 339.1890000000, 236.3067000000]);
				}
				multmatrix(m = [[0.8660254038, 0, -0.5000000000, -48.4000000000], [0, 1, 0, 0], [0.5000000000, 0, 0.8660254038, 0], [0, 0, 0, 1]]) {
					cube(center = true, size = [0.2000000000, 339.1890000000, 236.3067000000]);
				}
				multmatrix(m = [[0.8660254038, 0, -0.5000000000, -24.2000000000], [0, 1, 0, 0], [0.5000000000, 0, 0.8660254038, 0], [0, 0, 0, 1]]) {
					cube(center = true, size = [0.2000000000, 339.1890000000, 236.3067000000]);
				}
				multmatrix(m = [[0.8660254038, 0, -0.5000000000, 0.0000000000], [0, 1, 0, 0], [0.5000000000, 0, 0.8660254038, 0], [0, 0, 0, 1]]) {
					cube(center = true, size = [0.2000000000, 339.1890000000, 236.3067000000]);
				}
				multmatrix(m = [[0.8660254038, 0, -0.5000000000, 24.2000000000], [0, 1, 0, 0], [0.5000000000, 0, 0.8660254038, 0], [0, 0, 0, 1]]) {
					cube(center = true, size = [0.2000000000, 339.1890000000, 236.3067000000]);
				}
				multmatrix(m = [[0.8660254038, 0, -0.5000000000, 48.4000000000], [0, 1, 0, 0], [0.5000000000, 0, 0.8660254038, 0], [0, 0, 0, 1]]) {
					cube(center = true, size = [0.2000000000, 339.1890000000, 236.3067000000]);
				}
				multmatrix(m = [[0.8660254038, 0, -0.5000000000, 72.6000000000], [0, 1, 0, 0], [0.5000000000, 0, 0.8660254038, 0], [0, 0, 0, 1]]) {
					cube(center = true, size = [0.2000000000, 339.1890000000, 236.3067000000]);
				}
				multmatrix(m = [[0.8660254038, 0, -0.5000000000, 96.8000000000], [0, 1, 0, 0], [0.5000000000, 0, 0.8660254038, 0], [0, 0, 0, 1]]) {
					cube(center = true, size = [0.2000000000, 339.1890000000, 236.3067000000]);
				}
				multmatrix(m = [[0.8660254038, 0, -0.5000000000, 121.0000000000], [0, 1, 0, 0], [0.5000000000, 0, 0.8660254038, 0], [0, 0, 0, 1]]) {
					cube(center = true, size = [0.2000000000, 339.1890000000, 236.3067000000]);
				}
				multmatrix(m = [[0.8660254038, 0, -0.5000000000, 145.2000000000], [0, 1, 0, 0], [0.5000000000, 0, 0.8660254038, 0], [0, 0, 0, 1]]) {
					cube(center = true, size = [0.2000000000, 339.1890000000, 236.3067000000]);
				}
				multmatrix(m = [[0.8660254038, 0, -0.5000000000, 169.4000000000], [0, 1, 0, 0], [0.5000000000, 0, 0.8660254038, 0], [0, 0, 0, 1]]) {
					cube(center = true, size = [0.2000000000, 339.1890000000, 236.3067000000]);
				}
			}
		}
		import(file = "/home/clarence/git/anything2robot/anything2robot/metamaterial_filling/script/../data/output/FR_UP_replaced.stl", origin = [0, 0]);
	}
}
/***********************************************
*********      SolidPython code:      **********
************************************************
 
from solid import *
from solid.utils import *
import math
import os

'''
@brief This class generates a six-fold plates filling model with a shell and tenons. The model is generated by creating multiple boards and combining them into one mesh. The boards are tilted by 30 degrees along the y-axis. The model is then cut out from a cube space. The shell model is generated by subtracting a smaller model from the input STL file. The tenons are added to the shell model. The final model is generated by combining the shell model and the intersection model.
@note If the input_tenon_stl_list_path is None, then no tenons will be added to the shell model. If interval is negative or None, then no boards will be generated. If thickness is negative or None, then the shell will not be generated.
'''
class SixFoldPlatesFillingWithShellTenon:

    # Constructor. 
    # If the input_tenon_stl_list_path is None, then no tenons will be added to the shell model. 
    # If interval is non-positive or None, then no boards will be generated.
    # If thickness is non-positive or None, then the shell will not be generated.
    def __init__(self, height, width, thickness, interval, plates_num, tilt_angle, input_stl_path, input_smaller_model_stl_path, input_tenon_stl_list_path, output_stl_path):
        self.height = height
        self.width = width
        self.thickness = thickness
        self.interval = interval
        self.plates_num = plates_num
        self.tilt_angle = math.radians(tilt_angle)
        self.input_stl_path = input_stl_path
        self.input_smaller_model_stl_path = input_smaller_model_stl_path
        self.input_tenon_stl_list_path = input_tenon_stl_list_path
        self.output_stl_path = output_stl_path
    
    # Generate the final model and export to an STL file
    def generate_model(self):
        # Generate the SCAD file
        scad_file = 'final_model.scad'
        scad_render_to_file(self.final_model(), scad_file)
        
        # Use OpenSCAD's command-line interface to convert the SCAD file to an STL file
        os.system(f'openscad -o {self.output_stl_path} {scad_file}')
        

    # Create the board centered at (0,0,0)
    def create_board(self):
        return cube([self.thickness, self.width, self.height], center=True)

    # Tilt the board by 30 degrees along the y-axis and position it
    def tilted_board(self, x_position):
        transform = [
            [math.cos(self.tilt_angle), 0, -math.sin(self.tilt_angle), x_position],
            [0, 1, 0, 0],
            [math.sin(self.tilt_angle), 0, math.cos(self.tilt_angle), 0],
            [0, 0, 0, 1]
        ]
        return multmatrix(transform)(self.create_board())

    # Create multiple boards along +x and -x directions
    def create_all_boards(self):
        return [self.tilted_board(i * (self.thickness + self.interval)) for i in range(-self.plates_num, self.plates_num + 1)]

    # Combine all boards into one mesh iteratively with unions after some boards are generated
    def combined_boards(self):
        combined = union()(*self.create_all_boards())
        for angle in [60, 120, 180, 240, 300]:
            rotated_boards = rotate([0, 0, angle])(self.create_all_boards())
            combined = union()(combined, rotated_boards)
        return combined

    # Cut out the cube space from the combined mesh
    def final_model(self):
        if self.thickness is None or self.thickness <= 0:
            stl_import = import_stl(self.input_stl_path)
            stl_smaller_model_import = import_stl(self.input_smaller_model_stl_path)
            shell_model = difference()(stl_import, stl_smaller_model_import)
        else:
            stl_import = import_stl(self.input_stl_path)
            shell_model = stl_import # Use original model as the shell model. Solid.

        # Add tenons to the shell model if input_tenon_stl_list_path is not None
        if self.input_tenon_stl_list_path is not None:
            for tenon_stl_path in self.input_tenon_stl_list_path:
                tenon_stl_import = import_stl(tenon_stl_path)
                shell_model = union()(shell_model, tenon_stl_import)

        # If interval is negative or None, then no boards will be generated
        if self.interval is None or self.interval <= 0:
            return shell_model
        else:
            # Combine the boards and the shell model
            combined = self.combined_boards()
            intersection_model = intersection()(combined, stl_import)
            return union()(shell_model, intersection_model)
            

if __name__ == '__main__':
    # Define the dimensions of the board
    height = 200    # z dimension
    width = 200     # y dimension
    thickness = 0.4 # x dimension
    interval = 15   # Interval between boards
    plates_num = 10
    tilt_angle = 30  # Convert degrees to radians

    # Input STL file path
    input_stl_path = '/home/clarence/ros_ws/metamaterial_ws/src/metamaterial_filling/data/FL_replaced.stl'

    # Output STL file name
    output_stl_path = '/home/clarence/ros_ws/metamaterial_ws/src/metamaterial_filling/data/FL_final_output_with_shell.stl'

    # Input smaller model STL file path to generate the shell
    input_smaller_model_stl_path = '/home/clarence/ros_ws/metamaterial_ws/src/metamaterial_filling/data/FL_shell.stl'

    # Input tenon STL file path
    input_tenon_stl_list_path = ['/home/clarence/git/anything2robot/anything2robot/metamaterial_filling/tenon/connection_child.stl']

    # Create the SixFoldPlatesFilling object
    sixFoldPlatesFilling = SixFoldPlatesFillingWithShellTenon(height, width, thickness, interval, plates_num, tilt_angle, input_stl_path, input_smaller_model_stl_path, input_tenon_stl_list_path, output_stl_path)
    sixFoldPlatesFilling.generate_model()
 
 
************************************************/
