// Generated by SolidPython 1.1.3 on 2024-08-09 20:53:22


union() {
	difference() {
		import(file = "/home/PJLAB/shimoji/anything2robot/metamaterial_filling/script/../data/output/BODY_ideal_replaced.stl", origin = [0, 0]);
		import(file = "/home/PJLAB/shimoji/anything2robot/metamaterial_filling/script/../data/output/BODY_ideal_replaced_smaller.stl", origin = [0, 0]);
	}
	intersection() {
		union() {
			union() {
				union() {
					union() {
						union() {
							union() {
								multmatrix(m = [[0.8660254038, 0, -0.5000000000, -225.5000000000], [0, 1, 0, 0], [0.5000000000, 0, 0.8660254038, 0], [0, 0, 0, 1]]) {
									cube(center = true, size = [0.2500000000, 454.2060000000, 788.1750000000]);
								}
								multmatrix(m = [[0.8660254038, 0, -0.5000000000, -215.2500000000], [0, 1, 0, 0], [0.5000000000, 0, 0.8660254038, 0], [0, 0, 0, 1]]) {
									cube(center = true, size = [0.2500000000, 454.2060000000, 788.1750000000]);
								}
								multmatrix(m = [[0.8660254038, 0, -0.5000000000, -205.0000000000], [0, 1, 0, 0], [0.5000000000, 0, 0.8660254038, 0], [0, 0, 0, 1]]) {
									cube(center = true, size = [0.2500000000, 454.2060000000, 788.1750000000]);
								}
								multmatrix(m = [[0.8660254038, 0, -0.5000000000, -194.7500000000], [0, 1, 0, 0], [0.5000000000, 0, 0.8660254038, 0], [0, 0, 0, 1]]) {
									cube(center = true, size = [0.2500000000, 454.2060000000, 788.1750000000]);
								}
								multmatrix(m = [[0.8660254038, 0, -0.5000000000, -184.5000000000], [0, 1, 0, 0], [0.5000000000, 0, 0.8660254038, 0], [0, 0, 0, 1]]) {
									cube(center = true, size = [0.2500000000, 454.2060000000, 788.1750000000]);
								}
								multmatrix(m = [[0.8660254038, 0, -0.5000000000, -174.2500000000], [0, 1, 0, 0], [0.5000000000, 0, 0.8660254038, 0], [0, 0, 0, 1]]) {
									cube(center = true, size = [0.2500000000, 454.2060000000, 788.1750000000]);
								}
								multmatrix(m = [[0.8660254038, 0, -0.5000000000, -164.0000000000], [0, 1, 0, 0], [0.5000000000, 0, 0.8660254038, 0], [0, 0, 0, 1]]) {
									cube(center = true, size = [0.2500000000, 454.2060000000, 788.1750000000]);
								}
								multmatrix(m = [[0.8660254038, 0, -0.5000000000, -153.7500000000], [0, 1, 0, 0], [0.5000000000, 0, 0.8660254038, 0], [0, 0, 0, 1]]) {
									cube(center = true, size = [0.2500000000, 454.2060000000, 788.1750000000]);
								}
								multmatrix(m = [[0.8660254038, 0, -0.5000000000, -143.5000000000], [0, 1, 0, 0], [0.5000000000, 0, 0.8660254038, 0], [0, 0, 0, 1]]) {
									cube(center = true, size = [0.2500000000, 454.2060000000, 788.1750000000]);
								}
								multmatrix(m = [[0.8660254038, 0, -0.5000000000, -133.2500000000], [0, 1, 0, 0], [0.5000000000, 0, 0.8660254038, 0], [0, 0, 0, 1]]) {
									cube(center = true, size = [0.2500000000, 454.2060000000, 788.1750000000]);
								}
								multmatrix(m = [[0.8660254038, 0, -0.5000000000, -123.0000000000], [0, 1, 0, 0], [0.5000000000, 0, 0.8660254038, 0], [0, 0, 0, 1]]) {
									cube(center = true, size = [0.2500000000, 454.2060000000, 788.1750000000]);
								}
								multmatrix(m = [[0.8660254038, 0, -0.5000000000, -112.7500000000], [0, 1, 0, 0], [0.5000000000, 0, 0.8660254038, 0], [0, 0, 0, 1]]) {
									cube(center = true, size = [0.2500000000, 454.2060000000, 788.1750000000]);
								}
								multmatrix(m = [[0.8660254038, 0, -0.5000000000, -102.5000000000], [0, 1, 0, 0], [0.5000000000, 0, 0.8660254038, 0], [0, 0, 0, 1]]) {
									cube(center = true, size = [0.2500000000, 454.2060000000, 788.1750000000]);
								}
								multmatrix(m = [[0.8660254038, 0, -0.5000000000, -92.2500000000], [0, 1, 0, 0], [0.5000000000, 0, 0.8660254038, 0], [0, 0, 0, 1]]) {
									cube(center = true, size = [0.2500000000, 454.2060000000, 788.1750000000]);
								}
								multmatrix(m = [[0.8660254038, 0, -0.5000000000, -82.0000000000], [0, 1, 0, 0], [0.5000000000, 0, 0.8660254038, 0], [0, 0, 0, 1]]) {
									cube(center = true, size = [0.2500000000, 454.2060000000, 788.1750000000]);
								}
								multmatrix(m = [[0.8660254038, 0, -0.5000000000, -71.7500000000], [0, 1, 0, 0], [0.5000000000, 0, 0.8660254038, 0], [0, 0, 0, 1]]) {
									cube(center = true, size = [0.2500000000, 454.2060000000, 788.1750000000]);
								}
								multmatrix(m = [[0.8660254038, 0, -0.5000000000, -61.5000000000], [0, 1, 0, 0], [0.5000000000, 0, 0.8660254038, 0], [0, 0, 0, 1]]) {
									cube(center = true, size = [0.2500000000, 454.2060000000, 788.1750000000]);
								}
								multmatrix(m = [[0.8660254038, 0, -0.5000000000, -51.2500000000], [0, 1, 0, 0], [0.5000000000, 0, 0.8660254038, 0], [0, 0, 0, 1]]) {
									cube(center = true, size = [0.2500000000, 454.2060000000, 788.1750000000]);
								}
								multmatrix(m = [[0.8660254038, 0, -0.5000000000, -41.0000000000], [0, 1, 0, 0], [0.5000000000, 0, 0.8660254038, 0], [0, 0, 0, 1]]) {
									cube(center = true, size = [0.2500000000, 454.2060000000, 788.1750000000]);
								}
								multmatrix(m = [[0.8660254038, 0, -0.5000000000, -30.7500000000], [0, 1, 0, 0], [0.5000000000, 0, 0.8660254038, 0], [0, 0, 0, 1]]) {
									cube(center = true, size = [0.2500000000, 454.2060000000, 788.1750000000]);
								}
								multmatrix(m = [[0.8660254038, 0, -0.5000000000, -20.5000000000], [0, 1, 0, 0], [0.5000000000, 0, 0.8660254038, 0], [0, 0, 0, 1]]) {
									cube(center = true, size = [0.2500000000, 454.2060000000, 788.1750000000]);
								}
								multmatrix(m = [[0.8660254038, 0, -0.5000000000, -10.2500000000], [0, 1, 0, 0], [0.5000000000, 0, 0.8660254038, 0], [0, 0, 0, 1]]) {
									cube(center = true, size = [0.2500000000, 454.2060000000, 788.1750000000]);
								}
								multmatrix(m = [[0.8660254038, 0, -0.5000000000, 0.0000000000], [0, 1, 0, 0], [0.5000000000, 0, 0.8660254038, 0], [0, 0, 0, 1]]) {
									cube(center = true, size = [0.2500000000, 454.2060000000, 788.1750000000]);
								}
								multmatrix(m = [[0.8660254038, 0, -0.5000000000, 10.2500000000], [0, 1, 0, 0], [0.5000000000, 0, 0.8660254038, 0], [0, 0, 0, 1]]) {
									cube(center = true, size = [0.2500000000, 454.2060000000, 788.1750000000]);
								}
								multmatrix(m = [[0.8660254038, 0, -0.5000000000, 20.5000000000], [0, 1, 0, 0], [0.5000000000, 0, 0.8660254038, 0], [0, 0, 0, 1]]) {
									cube(center = true, size = [0.2500000000, 454.2060000000, 788.1750000000]);
								}
								multmatrix(m = [[0.8660254038, 0, -0.5000000000, 30.7500000000], [0, 1, 0, 0], [0.5000000000, 0, 0.8660254038, 0], [0, 0, 0, 1]]) {
									cube(center = true, size = [0.2500000000, 454.2060000000, 788.1750000000]);
								}
								multmatrix(m = [[0.8660254038, 0, -0.5000000000, 41.0000000000], [0, 1, 0, 0], [0.5000000000, 0, 0.8660254038, 0], [0, 0, 0, 1]]) {
									cube(center = true, size = [0.2500000000, 454.2060000000, 788.1750000000]);
								}
								multmatrix(m = [[0.8660254038, 0, -0.5000000000, 51.2500000000], [0, 1, 0, 0], [0.5000000000, 0, 0.8660254038, 0], [0, 0, 0, 1]]) {
									cube(center = true, size = [0.2500000000, 454.2060000000, 788.1750000000]);
								}
								multmatrix(m = [[0.8660254038, 0, -0.5000000000, 61.5000000000], [0, 1, 0, 0], [0.5000000000, 0, 0.8660254038, 0], [0, 0, 0, 1]]) {
									cube(center = true, size = [0.2500000000, 454.2060000000, 788.1750000000]);
								}
								multmatrix(m = [[0.8660254038, 0, -0.5000000000, 71.7500000000], [0, 1, 0, 0], [0.5000000000, 0, 0.8660254038, 0], [0, 0, 0, 1]]) {
									cube(center = true, size = [0.2500000000, 454.2060000000, 788.1750000000]);
								}
								multmatrix(m = [[0.8660254038, 0, -0.5000000000, 82.0000000000], [0, 1, 0, 0], [0.5000000000, 0, 0.8660254038, 0], [0, 0, 0, 1]]) {
									cube(center = true, size = [0.2500000000, 454.2060000000, 788.1750000000]);
								}
								multmatrix(m = [[0.8660254038, 0, -0.5000000000, 92.2500000000], [0, 1, 0, 0], [0.5000000000, 0, 0.8660254038, 0], [0, 0, 0, 1]]) {
									cube(center = true, size = [0.2500000000, 454.2060000000, 788.1750000000]);
								}
								multmatrix(m = [[0.8660254038, 0, -0.5000000000, 102.5000000000], [0, 1, 0, 0], [0.5000000000, 0, 0.8660254038, 0], [0, 0, 0, 1]]) {
									cube(center = true, size = [0.2500000000, 454.2060000000, 788.1750000000]);
								}
								multmatrix(m = [[0.8660254038, 0, -0.5000000000, 112.7500000000], [0, 1, 0, 0], [0.5000000000, 0, 0.8660254038, 0], [0, 0, 0, 1]]) {
									cube(center = true, size = [0.2500000000, 454.2060000000, 788.1750000000]);
								}
								multmatrix(m = [[0.8660254038, 0, -0.5000000000, 123.0000000000], [0, 1, 0, 0], [0.5000000000, 0, 0.8660254038, 0], [0, 0, 0, 1]]) {
									cube(center = true, size = [0.2500000000, 454.2060000000, 788.1750000000]);
								}
								multmatrix(m = [[0.8660254038, 0, -0.5000000000, 133.2500000000], [0, 1, 0, 0], [0.5000000000, 0, 0.8660254038, 0], [0, 0, 0, 1]]) {
									cube(center = true, size = [0.2500000000, 454.2060000000, 788.1750000000]);
								}
								multmatrix(m = [[0.8660254038, 0, -0.5000000000, 143.5000000000], [0, 1, 0, 0], [0.5000000000, 0, 0.8660254038, 0], [0, 0, 0, 1]]) {
									cube(center = true, size = [0.2500000000, 454.2060000000, 788.1750000000]);
								}
								multmatrix(m = [[0.8660254038, 0, -0.5000000000, 153.7500000000], [0, 1, 0, 0], [0.5000000000, 0, 0.8660254038, 0], [0, 0, 0, 1]]) {
									cube(center = true, size = [0.2500000000, 454.2060000000, 788.1750000000]);
								}
								multmatrix(m = [[0.8660254038, 0, -0.5000000000, 164.0000000000], [0, 1, 0, 0], [0.5000000000, 0, 0.8660254038, 0], [0, 0, 0, 1]]) {
									cube(center = true, size = [0.2500000000, 454.2060000000, 788.1750000000]);
								}
								multmatrix(m = [[0.8660254038, 0, -0.5000000000, 174.2500000000], [0, 1, 0, 0], [0.5000000000, 0, 0.8660254038, 0], [0, 0, 0, 1]]) {
									cube(center = true, size = [0.2500000000, 454.2060000000, 788.1750000000]);
								}
								multmatrix(m = [[0.8660254038, 0, -0.5000000000, 184.5000000000], [0, 1, 0, 0], [0.5000000000, 0, 0.8660254038, 0], [0, 0, 0, 1]]) {
									cube(center = true, size = [0.2500000000, 454.2060000000, 788.1750000000]);
								}
								multmatrix(m = [[0.8660254038, 0, -0.5000000000, 194.7500000000], [0, 1, 0, 0], [0.5000000000, 0, 0.8660254038, 0], [0, 0, 0, 1]]) {
									cube(center = true, size = [0.2500000000, 454.2060000000, 788.1750000000]);
								}
								multmatrix(m = [[0.8660254038, 0, -0.5000000000, 205.0000000000], [0, 1, 0, 0], [0.5000000000, 0, 0.8660254038, 0], [0, 0, 0, 1]]) {
									cube(center = true, size = [0.2500000000, 454.2060000000, 788.1750000000]);
								}
								multmatrix(m = [[0.8660254038, 0, -0.5000000000, 215.2500000000], [0, 1, 0, 0], [0.5000000000, 0, 0.8660254038, 0], [0, 0, 0, 1]]) {
									cube(center = true, size = [0.2500000000, 454.2060000000, 788.1750000000]);
								}
								multmatrix(m = [[0.8660254038, 0, -0.5000000000, 225.5000000000], [0, 1, 0, 0], [0.5000000000, 0, 0.8660254038, 0], [0, 0, 0, 1]]) {
									cube(center = true, size = [0.2500000000, 454.2060000000, 788.1750000000]);
								}
							}
							rotate(a = [0, 0, 60]) {
								multmatrix(m = [[0.8660254038, 0, -0.5000000000, -225.5000000000], [0, 1, 0, 0], [0.5000000000, 0, 0.8660254038, 0], [0, 0, 0, 1]]) {
									cube(center = true, size = [0.2500000000, 454.2060000000, 788.1750000000]);
								}
								multmatrix(m = [[0.8660254038, 0, -0.5000000000, -215.2500000000], [0, 1, 0, 0], [0.5000000000, 0, 0.8660254038, 0], [0, 0, 0, 1]]) {
									cube(center = true, size = [0.2500000000, 454.2060000000, 788.1750000000]);
								}
								multmatrix(m = [[0.8660254038, 0, -0.5000000000, -205.0000000000], [0, 1, 0, 0], [0.5000000000, 0, 0.8660254038, 0], [0, 0, 0, 1]]) {
									cube(center = true, size = [0.2500000000, 454.2060000000, 788.1750000000]);
								}
								multmatrix(m = [[0.8660254038, 0, -0.5000000000, -194.7500000000], [0, 1, 0, 0], [0.5000000000, 0, 0.8660254038, 0], [0, 0, 0, 1]]) {
									cube(center = true, size = [0.2500000000, 454.2060000000, 788.1750000000]);
								}
								multmatrix(m = [[0.8660254038, 0, -0.5000000000, -184.5000000000], [0, 1, 0, 0], [0.5000000000, 0, 0.8660254038, 0], [0, 0, 0, 1]]) {
									cube(center = true, size = [0.2500000000, 454.2060000000, 788.1750000000]);
								}
								multmatrix(m = [[0.8660254038, 0, -0.5000000000, -174.2500000000], [0, 1, 0, 0], [0.5000000000, 0, 0.8660254038, 0], [0, 0, 0, 1]]) {
									cube(center = true, size = [0.2500000000, 454.2060000000, 788.1750000000]);
								}
								multmatrix(m = [[0.8660254038, 0, -0.5000000000, -164.0000000000], [0, 1, 0, 0], [0.5000000000, 0, 0.8660254038, 0], [0, 0, 0, 1]]) {
									cube(center = true, size = [0.2500000000, 454.2060000000, 788.1750000000]);
								}
								multmatrix(m = [[0.8660254038, 0, -0.5000000000, -153.7500000000], [0, 1, 0, 0], [0.5000000000, 0, 0.8660254038, 0], [0, 0, 0, 1]]) {
									cube(center = true, size = [0.2500000000, 454.2060000000, 788.1750000000]);
								}
								multmatrix(m = [[0.8660254038, 0, -0.5000000000, -143.5000000000], [0, 1, 0, 0], [0.5000000000, 0, 0.8660254038, 0], [0, 0, 0, 1]]) {
									cube(center = true, size = [0.2500000000, 454.2060000000, 788.1750000000]);
								}
								multmatrix(m = [[0.8660254038, 0, -0.5000000000, -133.2500000000], [0, 1, 0, 0], [0.5000000000, 0, 0.8660254038, 0], [0, 0, 0, 1]]) {
									cube(center = true, size = [0.2500000000, 454.2060000000, 788.1750000000]);
								}
								multmatrix(m = [[0.8660254038, 0, -0.5000000000, -123.0000000000], [0, 1, 0, 0], [0.5000000000, 0, 0.8660254038, 0], [0, 0, 0, 1]]) {
									cube(center = true, size = [0.2500000000, 454.2060000000, 788.1750000000]);
								}
								multmatrix(m = [[0.8660254038, 0, -0.5000000000, -112.7500000000], [0, 1, 0, 0], [0.5000000000, 0, 0.8660254038, 0], [0, 0, 0, 1]]) {
									cube(center = true, size = [0.2500000000, 454.2060000000, 788.1750000000]);
								}
								multmatrix(m = [[0.8660254038, 0, -0.5000000000, -102.5000000000], [0, 1, 0, 0], [0.5000000000, 0, 0.8660254038, 0], [0, 0, 0, 1]]) {
									cube(center = true, size = [0.2500000000, 454.2060000000, 788.1750000000]);
								}
								multmatrix(m = [[0.8660254038, 0, -0.5000000000, -92.2500000000], [0, 1, 0, 0], [0.5000000000, 0, 0.8660254038, 0], [0, 0, 0, 1]]) {
									cube(center = true, size = [0.2500000000, 454.2060000000, 788.1750000000]);
								}
								multmatrix(m = [[0.8660254038, 0, -0.5000000000, -82.0000000000], [0, 1, 0, 0], [0.5000000000, 0, 0.8660254038, 0], [0, 0, 0, 1]]) {
									cube(center = true, size = [0.2500000000, 454.2060000000, 788.1750000000]);
								}
								multmatrix(m = [[0.8660254038, 0, -0.5000000000, -71.7500000000], [0, 1, 0, 0], [0.5000000000, 0, 0.8660254038, 0], [0, 0, 0, 1]]) {
									cube(center = true, size = [0.2500000000, 454.2060000000, 788.1750000000]);
								}
								multmatrix(m = [[0.8660254038, 0, -0.5000000000, -61.5000000000], [0, 1, 0, 0], [0.5000000000, 0, 0.8660254038, 0], [0, 0, 0, 1]]) {
									cube(center = true, size = [0.2500000000, 454.2060000000, 788.1750000000]);
								}
								multmatrix(m = [[0.8660254038, 0, -0.5000000000, -51.2500000000], [0, 1, 0, 0], [0.5000000000, 0, 0.8660254038, 0], [0, 0, 0, 1]]) {
									cube(center = true, size = [0.2500000000, 454.2060000000, 788.1750000000]);
								}
								multmatrix(m = [[0.8660254038, 0, -0.5000000000, -41.0000000000], [0, 1, 0, 0], [0.5000000000, 0, 0.8660254038, 0], [0, 0, 0, 1]]) {
									cube(center = true, size = [0.2500000000, 454.2060000000, 788.1750000000]);
								}
								multmatrix(m = [[0.8660254038, 0, -0.5000000000, -30.7500000000], [0, 1, 0, 0], [0.5000000000, 0, 0.8660254038, 0], [0, 0, 0, 1]]) {
									cube(center = true, size = [0.2500000000, 454.2060000000, 788.1750000000]);
								}
								multmatrix(m = [[0.8660254038, 0, -0.5000000000, -20.5000000000], [0, 1, 0, 0], [0.5000000000, 0, 0.8660254038, 0], [0, 0, 0, 1]]) {
									cube(center = true, size = [0.2500000000, 454.2060000000, 788.1750000000]);
								}
								multmatrix(m = [[0.8660254038, 0, -0.5000000000, -10.2500000000], [0, 1, 0, 0], [0.5000000000, 0, 0.8660254038, 0], [0, 0, 0, 1]]) {
									cube(center = true, size = [0.2500000000, 454.2060000000, 788.1750000000]);
								}
								multmatrix(m = [[0.8660254038, 0, -0.5000000000, 0.0000000000], [0, 1, 0, 0], [0.5000000000, 0, 0.8660254038, 0], [0, 0, 0, 1]]) {
									cube(center = true, size = [0.2500000000, 454.2060000000, 788.1750000000]);
								}
								multmatrix(m = [[0.8660254038, 0, -0.5000000000, 10.2500000000], [0, 1, 0, 0], [0.5000000000, 0, 0.8660254038, 0], [0, 0, 0, 1]]) {
									cube(center = true, size = [0.2500000000, 454.2060000000, 788.1750000000]);
								}
								multmatrix(m = [[0.8660254038, 0, -0.5000000000, 20.5000000000], [0, 1, 0, 0], [0.5000000000, 0, 0.8660254038, 0], [0, 0, 0, 1]]) {
									cube(center = true, size = [0.2500000000, 454.2060000000, 788.1750000000]);
								}
								multmatrix(m = [[0.8660254038, 0, -0.5000000000, 30.7500000000], [0, 1, 0, 0], [0.5000000000, 0, 0.8660254038, 0], [0, 0, 0, 1]]) {
									cube(center = true, size = [0.2500000000, 454.2060000000, 788.1750000000]);
								}
								multmatrix(m = [[0.8660254038, 0, -0.5000000000, 41.0000000000], [0, 1, 0, 0], [0.5000000000, 0, 0.8660254038, 0], [0, 0, 0, 1]]) {
									cube(center = true, size = [0.2500000000, 454.2060000000, 788.1750000000]);
								}
								multmatrix(m = [[0.8660254038, 0, -0.5000000000, 51.2500000000], [0, 1, 0, 0], [0.5000000000, 0, 0.8660254038, 0], [0, 0, 0, 1]]) {
									cube(center = true, size = [0.2500000000, 454.2060000000, 788.1750000000]);
								}
								multmatrix(m = [[0.8660254038, 0, -0.5000000000, 61.5000000000], [0, 1, 0, 0], [0.5000000000, 0, 0.8660254038, 0], [0, 0, 0, 1]]) {
									cube(center = true, size = [0.2500000000, 454.2060000000, 788.1750000000]);
								}
								multmatrix(m = [[0.8660254038, 0, -0.5000000000, 71.7500000000], [0, 1, 0, 0], [0.5000000000, 0, 0.8660254038, 0], [0, 0, 0, 1]]) {
									cube(center = true, size = [0.2500000000, 454.2060000000, 788.1750000000]);
								}
								multmatrix(m = [[0.8660254038, 0, -0.5000000000, 82.0000000000], [0, 1, 0, 0], [0.5000000000, 0, 0.8660254038, 0], [0, 0, 0, 1]]) {
									cube(center = true, size = [0.2500000000, 454.2060000000, 788.1750000000]);
								}
								multmatrix(m = [[0.8660254038, 0, -0.5000000000, 92.2500000000], [0, 1, 0, 0], [0.5000000000, 0, 0.8660254038, 0], [0, 0, 0, 1]]) {
									cube(center = true, size = [0.2500000000, 454.2060000000, 788.1750000000]);
								}
								multmatrix(m = [[0.8660254038, 0, -0.5000000000, 102.5000000000], [0, 1, 0, 0], [0.5000000000, 0, 0.8660254038, 0], [0, 0, 0, 1]]) {
									cube(center = true, size = [0.2500000000, 454.2060000000, 788.1750000000]);
								}
								multmatrix(m = [[0.8660254038, 0, -0.5000000000, 112.7500000000], [0, 1, 0, 0], [0.5000000000, 0, 0.8660254038, 0], [0, 0, 0, 1]]) {
									cube(center = true, size = [0.2500000000, 454.2060000000, 788.1750000000]);
								}
								multmatrix(m = [[0.8660254038, 0, -0.5000000000, 123.0000000000], [0, 1, 0, 0], [0.5000000000, 0, 0.8660254038, 0], [0, 0, 0, 1]]) {
									cube(center = true, size = [0.2500000000, 454.2060000000, 788.1750000000]);
								}
								multmatrix(m = [[0.8660254038, 0, -0.5000000000, 133.2500000000], [0, 1, 0, 0], [0.5000000000, 0, 0.8660254038, 0], [0, 0, 0, 1]]) {
									cube(center = true, size = [0.2500000000, 454.2060000000, 788.1750000000]);
								}
								multmatrix(m = [[0.8660254038, 0, -0.5000000000, 143.5000000000], [0, 1, 0, 0], [0.5000000000, 0, 0.8660254038, 0], [0, 0, 0, 1]]) {
									cube(center = true, size = [0.2500000000, 454.2060000000, 788.1750000000]);
								}
								multmatrix(m = [[0.8660254038, 0, -0.5000000000, 153.7500000000], [0, 1, 0, 0], [0.5000000000, 0, 0.8660254038, 0], [0, 0, 0, 1]]) {
									cube(center = true, size = [0.2500000000, 454.2060000000, 788.1750000000]);
								}
								multmatrix(m = [[0.8660254038, 0, -0.5000000000, 164.0000000000], [0, 1, 0, 0], [0.5000000000, 0, 0.8660254038, 0], [0, 0, 0, 1]]) {
									cube(center = true, size = [0.2500000000, 454.2060000000, 788.1750000000]);
								}
								multmatrix(m = [[0.8660254038, 0, -0.5000000000, 174.2500000000], [0, 1, 0, 0], [0.5000000000, 0, 0.8660254038, 0], [0, 0, 0, 1]]) {
									cube(center = true, size = [0.2500000000, 454.2060000000, 788.1750000000]);
								}
								multmatrix(m = [[0.8660254038, 0, -0.5000000000, 184.5000000000], [0, 1, 0, 0], [0.5000000000, 0, 0.8660254038, 0], [0, 0, 0, 1]]) {
									cube(center = true, size = [0.2500000000, 454.2060000000, 788.1750000000]);
								}
								multmatrix(m = [[0.8660254038, 0, -0.5000000000, 194.7500000000], [0, 1, 0, 0], [0.5000000000, 0, 0.8660254038, 0], [0, 0, 0, 1]]) {
									cube(center = true, size = [0.2500000000, 454.2060000000, 788.1750000000]);
								}
								multmatrix(m = [[0.8660254038, 0, -0.5000000000, 205.0000000000], [0, 1, 0, 0], [0.5000000000, 0, 0.8660254038, 0], [0, 0, 0, 1]]) {
									cube(center = true, size = [0.2500000000, 454.2060000000, 788.1750000000]);
								}
								multmatrix(m = [[0.8660254038, 0, -0.5000000000, 215.2500000000], [0, 1, 0, 0], [0.5000000000, 0, 0.8660254038, 0], [0, 0, 0, 1]]) {
									cube(center = true, size = [0.2500000000, 454.2060000000, 788.1750000000]);
								}
								multmatrix(m = [[0.8660254038, 0, -0.5000000000, 225.5000000000], [0, 1, 0, 0], [0.5000000000, 0, 0.8660254038, 0], [0, 0, 0, 1]]) {
									cube(center = true, size = [0.2500000000, 454.2060000000, 788.1750000000]);
								}
							}
						}
						rotate(a = [0, 0, 120]) {
							multmatrix(m = [[0.8660254038, 0, -0.5000000000, -225.5000000000], [0, 1, 0, 0], [0.5000000000, 0, 0.8660254038, 0], [0, 0, 0, 1]]) {
								cube(center = true, size = [0.2500000000, 454.2060000000, 788.1750000000]);
							}
							multmatrix(m = [[0.8660254038, 0, -0.5000000000, -215.2500000000], [0, 1, 0, 0], [0.5000000000, 0, 0.8660254038, 0], [0, 0, 0, 1]]) {
								cube(center = true, size = [0.2500000000, 454.2060000000, 788.1750000000]);
							}
							multmatrix(m = [[0.8660254038, 0, -0.5000000000, -205.0000000000], [0, 1, 0, 0], [0.5000000000, 0, 0.8660254038, 0], [0, 0, 0, 1]]) {
								cube(center = true, size = [0.2500000000, 454.2060000000, 788.1750000000]);
							}
							multmatrix(m = [[0.8660254038, 0, -0.5000000000, -194.7500000000], [0, 1, 0, 0], [0.5000000000, 0, 0.8660254038, 0], [0, 0, 0, 1]]) {
								cube(center = true, size = [0.2500000000, 454.2060000000, 788.1750000000]);
							}
							multmatrix(m = [[0.8660254038, 0, -0.5000000000, -184.5000000000], [0, 1, 0, 0], [0.5000000000, 0, 0.8660254038, 0], [0, 0, 0, 1]]) {
								cube(center = true, size = [0.2500000000, 454.2060000000, 788.1750000000]);
							}
							multmatrix(m = [[0.8660254038, 0, -0.5000000000, -174.2500000000], [0, 1, 0, 0], [0.5000000000, 0, 0.8660254038, 0], [0, 0, 0, 1]]) {
								cube(center = true, size = [0.2500000000, 454.2060000000, 788.1750000000]);
							}
							multmatrix(m = [[0.8660254038, 0, -0.5000000000, -164.0000000000], [0, 1, 0, 0], [0.5000000000, 0, 0.8660254038, 0], [0, 0, 0, 1]]) {
								cube(center = true, size = [0.2500000000, 454.2060000000, 788.1750000000]);
							}
							multmatrix(m = [[0.8660254038, 0, -0.5000000000, -153.7500000000], [0, 1, 0, 0], [0.5000000000, 0, 0.8660254038, 0], [0, 0, 0, 1]]) {
								cube(center = true, size = [0.2500000000, 454.2060000000, 788.1750000000]);
							}
							multmatrix(m = [[0.8660254038, 0, -0.5000000000, -143.5000000000], [0, 1, 0, 0], [0.5000000000, 0, 0.8660254038, 0], [0, 0, 0, 1]]) {
								cube(center = true, size = [0.2500000000, 454.2060000000, 788.1750000000]);
							}
							multmatrix(m = [[0.8660254038, 0, -0.5000000000, -133.2500000000], [0, 1, 0, 0], [0.5000000000, 0, 0.8660254038, 0], [0, 0, 0, 1]]) {
								cube(center = true, size = [0.2500000000, 454.2060000000, 788.1750000000]);
							}
							multmatrix(m = [[0.8660254038, 0, -0.5000000000, -123.0000000000], [0, 1, 0, 0], [0.5000000000, 0, 0.8660254038, 0], [0, 0, 0, 1]]) {
								cube(center = true, size = [0.2500000000, 454.2060000000, 788.1750000000]);
							}
							multmatrix(m = [[0.8660254038, 0, -0.5000000000, -112.7500000000], [0, 1, 0, 0], [0.5000000000, 0, 0.8660254038, 0], [0, 0, 0, 1]]) {
								cube(center = true, size = [0.2500000000, 454.2060000000, 788.1750000000]);
							}
							multmatrix(m = [[0.8660254038, 0, -0.5000000000, -102.5000000000], [0, 1, 0, 0], [0.5000000000, 0, 0.8660254038, 0], [0, 0, 0, 1]]) {
								cube(center = true, size = [0.2500000000, 454.2060000000, 788.1750000000]);
							}
							multmatrix(m = [[0.8660254038, 0, -0.5000000000, -92.2500000000], [0, 1, 0, 0], [0.5000000000, 0, 0.8660254038, 0], [0, 0, 0, 1]]) {
								cube(center = true, size = [0.2500000000, 454.2060000000, 788.1750000000]);
							}
							multmatrix(m = [[0.8660254038, 0, -0.5000000000, -82.0000000000], [0, 1, 0, 0], [0.5000000000, 0, 0.8660254038, 0], [0, 0, 0, 1]]) {
								cube(center = true, size = [0.2500000000, 454.2060000000, 788.1750000000]);
							}
							multmatrix(m = [[0.8660254038, 0, -0.5000000000, -71.7500000000], [0, 1, 0, 0], [0.5000000000, 0, 0.8660254038, 0], [0, 0, 0, 1]]) {
								cube(center = true, size = [0.2500000000, 454.2060000000, 788.1750000000]);
							}
							multmatrix(m = [[0.8660254038, 0, -0.5000000000, -61.5000000000], [0, 1, 0, 0], [0.5000000000, 0, 0.8660254038, 0], [0, 0, 0, 1]]) {
								cube(center = true, size = [0.2500000000, 454.2060000000, 788.1750000000]);
							}
							multmatrix(m = [[0.8660254038, 0, -0.5000000000, -51.2500000000], [0, 1, 0, 0], [0.5000000000, 0, 0.8660254038, 0], [0, 0, 0, 1]]) {
								cube(center = true, size = [0.2500000000, 454.2060000000, 788.1750000000]);
							}
							multmatrix(m = [[0.8660254038, 0, -0.5000000000, -41.0000000000], [0, 1, 0, 0], [0.5000000000, 0, 0.8660254038, 0], [0, 0, 0, 1]]) {
								cube(center = true, size = [0.2500000000, 454.2060000000, 788.1750000000]);
							}
							multmatrix(m = [[0.8660254038, 0, -0.5000000000, -30.7500000000], [0, 1, 0, 0], [0.5000000000, 0, 0.8660254038, 0], [0, 0, 0, 1]]) {
								cube(center = true, size = [0.2500000000, 454.2060000000, 788.1750000000]);
							}
							multmatrix(m = [[0.8660254038, 0, -0.5000000000, -20.5000000000], [0, 1, 0, 0], [0.5000000000, 0, 0.8660254038, 0], [0, 0, 0, 1]]) {
								cube(center = true, size = [0.2500000000, 454.2060000000, 788.1750000000]);
							}
							multmatrix(m = [[0.8660254038, 0, -0.5000000000, -10.2500000000], [0, 1, 0, 0], [0.5000000000, 0, 0.8660254038, 0], [0, 0, 0, 1]]) {
								cube(center = true, size = [0.2500000000, 454.2060000000, 788.1750000000]);
							}
							multmatrix(m = [[0.8660254038, 0, -0.5000000000, 0.0000000000], [0, 1, 0, 0], [0.5000000000, 0, 0.8660254038, 0], [0, 0, 0, 1]]) {
								cube(center = true, size = [0.2500000000, 454.2060000000, 788.1750000000]);
							}
							multmatrix(m = [[0.8660254038, 0, -0.5000000000, 10.2500000000], [0, 1, 0, 0], [0.5000000000, 0, 0.8660254038, 0], [0, 0, 0, 1]]) {
								cube(center = true, size = [0.2500000000, 454.2060000000, 788.1750000000]);
							}
							multmatrix(m = [[0.8660254038, 0, -0.5000000000, 20.5000000000], [0, 1, 0, 0], [0.5000000000, 0, 0.8660254038, 0], [0, 0, 0, 1]]) {
								cube(center = true, size = [0.2500000000, 454.2060000000, 788.1750000000]);
							}
							multmatrix(m = [[0.8660254038, 0, -0.5000000000, 30.7500000000], [0, 1, 0, 0], [0.5000000000, 0, 0.8660254038, 0], [0, 0, 0, 1]]) {
								cube(center = true, size = [0.2500000000, 454.2060000000, 788.1750000000]);
							}
							multmatrix(m = [[0.8660254038, 0, -0.5000000000, 41.0000000000], [0, 1, 0, 0], [0.5000000000, 0, 0.8660254038, 0], [0, 0, 0, 1]]) {
								cube(center = true, size = [0.2500000000, 454.2060000000, 788.1750000000]);
							}
							multmatrix(m = [[0.8660254038, 0, -0.5000000000, 51.2500000000], [0, 1, 0, 0], [0.5000000000, 0, 0.8660254038, 0], [0, 0, 0, 1]]) {
								cube(center = true, size = [0.2500000000, 454.2060000000, 788.1750000000]);
							}
							multmatrix(m = [[0.8660254038, 0, -0.5000000000, 61.5000000000], [0, 1, 0, 0], [0.5000000000, 0, 0.8660254038, 0], [0, 0, 0, 1]]) {
								cube(center = true, size = [0.2500000000, 454.2060000000, 788.1750000000]);
							}
							multmatrix(m = [[0.8660254038, 0, -0.5000000000, 71.7500000000], [0, 1, 0, 0], [0.5000000000, 0, 0.8660254038, 0], [0, 0, 0, 1]]) {
								cube(center = true, size = [0.2500000000, 454.2060000000, 788.1750000000]);
							}
							multmatrix(m = [[0.8660254038, 0, -0.5000000000, 82.0000000000], [0, 1, 0, 0], [0.5000000000, 0, 0.8660254038, 0], [0, 0, 0, 1]]) {
								cube(center = true, size = [0.2500000000, 454.2060000000, 788.1750000000]);
							}
							multmatrix(m = [[0.8660254038, 0, -0.5000000000, 92.2500000000], [0, 1, 0, 0], [0.5000000000, 0, 0.8660254038, 0], [0, 0, 0, 1]]) {
								cube(center = true, size = [0.2500000000, 454.2060000000, 788.1750000000]);
							}
							multmatrix(m = [[0.8660254038, 0, -0.5000000000, 102.5000000000], [0, 1, 0, 0], [0.5000000000, 0, 0.8660254038, 0], [0, 0, 0, 1]]) {
								cube(center = true, size = [0.2500000000, 454.2060000000, 788.1750000000]);
							}
							multmatrix(m = [[0.8660254038, 0, -0.5000000000, 112.7500000000], [0, 1, 0, 0], [0.5000000000, 0, 0.8660254038, 0], [0, 0, 0, 1]]) {
								cube(center = true, size = [0.2500000000, 454.2060000000, 788.1750000000]);
							}
							multmatrix(m = [[0.8660254038, 0, -0.5000000000, 123.0000000000], [0, 1, 0, 0], [0.5000000000, 0, 0.8660254038, 0], [0, 0, 0, 1]]) {
								cube(center = true, size = [0.2500000000, 454.2060000000, 788.1750000000]);
							}
							multmatrix(m = [[0.8660254038, 0, -0.5000000000, 133.2500000000], [0, 1, 0, 0], [0.5000000000, 0, 0.8660254038, 0], [0, 0, 0, 1]]) {
								cube(center = true, size = [0.2500000000, 454.2060000000, 788.1750000000]);
							}
							multmatrix(m = [[0.8660254038, 0, -0.5000000000, 143.5000000000], [0, 1, 0, 0], [0.5000000000, 0, 0.8660254038, 0], [0, 0, 0, 1]]) {
								cube(center = true, size = [0.2500000000, 454.2060000000, 788.1750000000]);
							}
							multmatrix(m = [[0.8660254038, 0, -0.5000000000, 153.7500000000], [0, 1, 0, 0], [0.5000000000, 0, 0.8660254038, 0], [0, 0, 0, 1]]) {
								cube(center = true, size = [0.2500000000, 454.2060000000, 788.1750000000]);
							}
							multmatrix(m = [[0.8660254038, 0, -0.5000000000, 164.0000000000], [0, 1, 0, 0], [0.5000000000, 0, 0.8660254038, 0], [0, 0, 0, 1]]) {
								cube(center = true, size = [0.2500000000, 454.2060000000, 788.1750000000]);
							}
							multmatrix(m = [[0.8660254038, 0, -0.5000000000, 174.2500000000], [0, 1, 0, 0], [0.5000000000, 0, 0.8660254038, 0], [0, 0, 0, 1]]) {
								cube(center = true, size = [0.2500000000, 454.2060000000, 788.1750000000]);
							}
							multmatrix(m = [[0.8660254038, 0, -0.5000000000, 184.5000000000], [0, 1, 0, 0], [0.5000000000, 0, 0.8660254038, 0], [0, 0, 0, 1]]) {
								cube(center = true, size = [0.2500000000, 454.2060000000, 788.1750000000]);
							}
							multmatrix(m = [[0.8660254038, 0, -0.5000000000, 194.7500000000], [0, 1, 0, 0], [0.5000000000, 0, 0.8660254038, 0], [0, 0, 0, 1]]) {
								cube(center = true, size = [0.2500000000, 454.2060000000, 788.1750000000]);
							}
							multmatrix(m = [[0.8660254038, 0, -0.5000000000, 205.0000000000], [0, 1, 0, 0], [0.5000000000, 0, 0.8660254038, 0], [0, 0, 0, 1]]) {
								cube(center = true, size = [0.2500000000, 454.2060000000, 788.1750000000]);
							}
							multmatrix(m = [[0.8660254038, 0, -0.5000000000, 215.2500000000], [0, 1, 0, 0], [0.5000000000, 0, 0.8660254038, 0], [0, 0, 0, 1]]) {
								cube(center = true, size = [0.2500000000, 454.2060000000, 788.1750000000]);
							}
							multmatrix(m = [[0.8660254038, 0, -0.5000000000, 225.5000000000], [0, 1, 0, 0], [0.5000000000, 0, 0.8660254038, 0], [0, 0, 0, 1]]) {
								cube(center = true, size = [0.2500000000, 454.2060000000, 788.1750000000]);
							}
						}
					}
					rotate(a = [0, 0, 180]) {
						multmatrix(m = [[0.8660254038, 0, -0.5000000000, -225.5000000000], [0, 1, 0, 0], [0.5000000000, 0, 0.8660254038, 0], [0, 0, 0, 1]]) {
							cube(center = true, size = [0.2500000000, 454.2060000000, 788.1750000000]);
						}
						multmatrix(m = [[0.8660254038, 0, -0.5000000000, -215.2500000000], [0, 1, 0, 0], [0.5000000000, 0, 0.8660254038, 0], [0, 0, 0, 1]]) {
							cube(center = true, size = [0.2500000000, 454.2060000000, 788.1750000000]);
						}
						multmatrix(m = [[0.8660254038, 0, -0.5000000000, -205.0000000000], [0, 1, 0, 0], [0.5000000000, 0, 0.8660254038, 0], [0, 0, 0, 1]]) {
							cube(center = true, size = [0.2500000000, 454.2060000000, 788.1750000000]);
						}
						multmatrix(m = [[0.8660254038, 0, -0.5000000000, -194.7500000000], [0, 1, 0, 0], [0.5000000000, 0, 0.8660254038, 0], [0, 0, 0, 1]]) {
							cube(center = true, size = [0.2500000000, 454.2060000000, 788.1750000000]);
						}
						multmatrix(m = [[0.8660254038, 0, -0.5000000000, -184.5000000000], [0, 1, 0, 0], [0.5000000000, 0, 0.8660254038, 0], [0, 0, 0, 1]]) {
							cube(center = true, size = [0.2500000000, 454.2060000000, 788.1750000000]);
						}
						multmatrix(m = [[0.8660254038, 0, -0.5000000000, -174.2500000000], [0, 1, 0, 0], [0.5000000000, 0, 0.8660254038, 0], [0, 0, 0, 1]]) {
							cube(center = true, size = [0.2500000000, 454.2060000000, 788.1750000000]);
						}
						multmatrix(m = [[0.8660254038, 0, -0.5000000000, -164.0000000000], [0, 1, 0, 0], [0.5000000000, 0, 0.8660254038, 0], [0, 0, 0, 1]]) {
							cube(center = true, size = [0.2500000000, 454.2060000000, 788.1750000000]);
						}
						multmatrix(m = [[0.8660254038, 0, -0.5000000000, -153.7500000000], [0, 1, 0, 0], [0.5000000000, 0, 0.8660254038, 0], [0, 0, 0, 1]]) {
							cube(center = true, size = [0.2500000000, 454.2060000000, 788.1750000000]);
						}
						multmatrix(m = [[0.8660254038, 0, -0.5000000000, -143.5000000000], [0, 1, 0, 0], [0.5000000000, 0, 0.8660254038, 0], [0, 0, 0, 1]]) {
							cube(center = true, size = [0.2500000000, 454.2060000000, 788.1750000000]);
						}
						multmatrix(m = [[0.8660254038, 0, -0.5000000000, -133.2500000000], [0, 1, 0, 0], [0.5000000000, 0, 0.8660254038, 0], [0, 0, 0, 1]]) {
							cube(center = true, size = [0.2500000000, 454.2060000000, 788.1750000000]);
						}
						multmatrix(m = [[0.8660254038, 0, -0.5000000000, -123.0000000000], [0, 1, 0, 0], [0.5000000000, 0, 0.8660254038, 0], [0, 0, 0, 1]]) {
							cube(center = true, size = [0.2500000000, 454.2060000000, 788.1750000000]);
						}
						multmatrix(m = [[0.8660254038, 0, -0.5000000000, -112.7500000000], [0, 1, 0, 0], [0.5000000000, 0, 0.8660254038, 0], [0, 0, 0, 1]]) {
							cube(center = true, size = [0.2500000000, 454.2060000000, 788.1750000000]);
						}
						multmatrix(m = [[0.8660254038, 0, -0.5000000000, -102.5000000000], [0, 1, 0, 0], [0.5000000000, 0, 0.8660254038, 0], [0, 0, 0, 1]]) {
							cube(center = true, size = [0.2500000000, 454.2060000000, 788.1750000000]);
						}
						multmatrix(m = [[0.8660254038, 0, -0.5000000000, -92.2500000000], [0, 1, 0, 0], [0.5000000000, 0, 0.8660254038, 0], [0, 0, 0, 1]]) {
							cube(center = true, size = [0.2500000000, 454.2060000000, 788.1750000000]);
						}
						multmatrix(m = [[0.8660254038, 0, -0.5000000000, -82.0000000000], [0, 1, 0, 0], [0.5000000000, 0, 0.8660254038, 0], [0, 0, 0, 1]]) {
							cube(center = true, size = [0.2500000000, 454.2060000000, 788.1750000000]);
						}
						multmatrix(m = [[0.8660254038, 0, -0.5000000000, -71.7500000000], [0, 1, 0, 0], [0.5000000000, 0, 0.8660254038, 0], [0, 0, 0, 1]]) {
							cube(center = true, size = [0.2500000000, 454.2060000000, 788.1750000000]);
						}
						multmatrix(m = [[0.8660254038, 0, -0.5000000000, -61.5000000000], [0, 1, 0, 0], [0.5000000000, 0, 0.8660254038, 0], [0, 0, 0, 1]]) {
							cube(center = true, size = [0.2500000000, 454.2060000000, 788.1750000000]);
						}
						multmatrix(m = [[0.8660254038, 0, -0.5000000000, -51.2500000000], [0, 1, 0, 0], [0.5000000000, 0, 0.8660254038, 0], [0, 0, 0, 1]]) {
							cube(center = true, size = [0.2500000000, 454.2060000000, 788.1750000000]);
						}
						multmatrix(m = [[0.8660254038, 0, -0.5000000000, -41.0000000000], [0, 1, 0, 0], [0.5000000000, 0, 0.8660254038, 0], [0, 0, 0, 1]]) {
							cube(center = true, size = [0.2500000000, 454.2060000000, 788.1750000000]);
						}
						multmatrix(m = [[0.8660254038, 0, -0.5000000000, -30.7500000000], [0, 1, 0, 0], [0.5000000000, 0, 0.8660254038, 0], [0, 0, 0, 1]]) {
							cube(center = true, size = [0.2500000000, 454.2060000000, 788.1750000000]);
						}
						multmatrix(m = [[0.8660254038, 0, -0.5000000000, -20.5000000000], [0, 1, 0, 0], [0.5000000000, 0, 0.8660254038, 0], [0, 0, 0, 1]]) {
							cube(center = true, size = [0.2500000000, 454.2060000000, 788.1750000000]);
						}
						multmatrix(m = [[0.8660254038, 0, -0.5000000000, -10.2500000000], [0, 1, 0, 0], [0.5000000000, 0, 0.8660254038, 0], [0, 0, 0, 1]]) {
							cube(center = true, size = [0.2500000000, 454.2060000000, 788.1750000000]);
						}
						multmatrix(m = [[0.8660254038, 0, -0.5000000000, 0.0000000000], [0, 1, 0, 0], [0.5000000000, 0, 0.8660254038, 0], [0, 0, 0, 1]]) {
							cube(center = true, size = [0.2500000000, 454.2060000000, 788.1750000000]);
						}
						multmatrix(m = [[0.8660254038, 0, -0.5000000000, 10.2500000000], [0, 1, 0, 0], [0.5000000000, 0, 0.8660254038, 0], [0, 0, 0, 1]]) {
							cube(center = true, size = [0.2500000000, 454.2060000000, 788.1750000000]);
						}
						multmatrix(m = [[0.8660254038, 0, -0.5000000000, 20.5000000000], [0, 1, 0, 0], [0.5000000000, 0, 0.8660254038, 0], [0, 0, 0, 1]]) {
							cube(center = true, size = [0.2500000000, 454.2060000000, 788.1750000000]);
						}
						multmatrix(m = [[0.8660254038, 0, -0.5000000000, 30.7500000000], [0, 1, 0, 0], [0.5000000000, 0, 0.8660254038, 0], [0, 0, 0, 1]]) {
							cube(center = true, size = [0.2500000000, 454.2060000000, 788.1750000000]);
						}
						multmatrix(m = [[0.8660254038, 0, -0.5000000000, 41.0000000000], [0, 1, 0, 0], [0.5000000000, 0, 0.8660254038, 0], [0, 0, 0, 1]]) {
							cube(center = true, size = [0.2500000000, 454.2060000000, 788.1750000000]);
						}
						multmatrix(m = [[0.8660254038, 0, -0.5000000000, 51.2500000000], [0, 1, 0, 0], [0.5000000000, 0, 0.8660254038, 0], [0, 0, 0, 1]]) {
							cube(center = true, size = [0.2500000000, 454.2060000000, 788.1750000000]);
						}
						multmatrix(m = [[0.8660254038, 0, -0.5000000000, 61.5000000000], [0, 1, 0, 0], [0.5000000000, 0, 0.8660254038, 0], [0, 0, 0, 1]]) {
							cube(center = true, size = [0.2500000000, 454.2060000000, 788.1750000000]);
						}
						multmatrix(m = [[0.8660254038, 0, -0.5000000000, 71.7500000000], [0, 1, 0, 0], [0.5000000000, 0, 0.8660254038, 0], [0, 0, 0, 1]]) {
							cube(center = true, size = [0.2500000000, 454.2060000000, 788.1750000000]);
						}
						multmatrix(m = [[0.8660254038, 0, -0.5000000000, 82.0000000000], [0, 1, 0, 0], [0.5000000000, 0, 0.8660254038, 0], [0, 0, 0, 1]]) {
							cube(center = true, size = [0.2500000000, 454.2060000000, 788.1750000000]);
						}
						multmatrix(m = [[0.8660254038, 0, -0.5000000000, 92.2500000000], [0, 1, 0, 0], [0.5000000000, 0, 0.8660254038, 0], [0, 0, 0, 1]]) {
							cube(center = true, size = [0.2500000000, 454.2060000000, 788.1750000000]);
						}
						multmatrix(m = [[0.8660254038, 0, -0.5000000000, 102.5000000000], [0, 1, 0, 0], [0.5000000000, 0, 0.8660254038, 0], [0, 0, 0, 1]]) {
							cube(center = true, size = [0.2500000000, 454.2060000000, 788.1750000000]);
						}
